5565.51
5566.67
5578.81
5561.85
5558.46
5560.1
5537.4
5534.63
5560.84
5553.5
5558.34
5559.08
5553.96
5544.1
5567.35
5562.98
5565.81
5554.92
5545.92
5543.98
5523.47
5521.96
5516.54
5531.28
5557.01
5539.01
5541.4
5526.68
5514.04
5543.93
5550.26
5549.65
5522.52
5519.34
5534.81
5511.13
5501.96
5518.01
5526.25
5523.05
5505.7
5516.13
5532.72
5512.01
5491.89
5499.61
5490.85
5499.23
5495.75
5497.09
5502.71
5484.17
5511.37
5509.74
5487.25
5506.69
5509.91
5495.92
5500.43
5502.38
5500.49
5473.92
5497.87
5470.86
5471.4
5509.18
5496.39
5495.59
5495.03
5497.01
5473.62
5480.07
5498.29
5488.96
5479.4
5463.99
5473.26
5461.86
5453.21
5490.97
5480.43
5484.69
5464.78
5459.53
5489.35
5488.55
5454.46
5485.58
5469.02
5456.48
5473.28
5471.46
5460.57
5450.42
5476.74
5450.31
5447.44
5435.37
5463.69
5470.8
5458.11
5464.69
5436.16
5436.21
5446.93
5462.2
5445.04
5442.72
5420.57
5439.8
5416.63
5429.52
5450.61
5434.77
5418.61
5441.69
5435.3
5410.25
5426.52
5414.35
5422.41
5439.89
5424.57
5436.89
5408.34
5417.32
5412.26
5415.77
5406.22
5415.89
5350.71
5364.82
5368.22
5347.83
5363.91
5364.94
5359.51
5357.97
5346.7
5385.33
5350.96
5384.93
5355.58
5373.99
5375.73
5378.62
5361.49
5354.57
5358.69
5388.21
5367.18
5367.01
5387.71
5387.38
5373.92
5381
5349.62
5353.83
5361.42
5366.39
5373.86
5362.93
5356.33
5385.64
5370.79
5353.18
5350.9
5352.56
5362.09
5362.6
5371.24
5349.71
5366.36
5366.32
5365.84
5346.42
5376.52
5383.81
5382.42
5351.61
5351.81
5380.43
5361.15
5355.18
5372.94
5381.6
5380.47
5375.61
5351.98
5375.83
5383.15
5364.2
5387.37
5363.36
5349.01
5350.1
5356.19
5347.61
5372.16
5351.92
5380.73
5376.01
5386.79
5357.62
5367.59
5359.93
5381.47
5379.67
5351.83
5358.22
5352.3
5375.68
5345.93
5348.06
5361.55
5346.97
5375.05
5382.86
5367.61
5381.15
5365.71
5351.91
5350.97
5347.99
5379.92
5362.43
5347.72
5374.09
5346.88
5385.48
5377.84
5345.74
5347.72
5345.44
5367.62
5385.05
5344.38
5352.5
5346.63
5378.65
5366.2
5372.07
5366.43
5376.21
5351.52
5358.33
5367.73
5375.02
5384.72
5346.14
5359.58
5367.27
5349.36
5344.82
5365.19
5368.34
5378.12
5362.35
5346.03
5356.37
5320.72
5303.69
5316.62
5314.09
5326.78
5324.04
5332.22
5319.15
5319.63
5301.96
5325.57
5297.33
5305.05
5312.23
5322.83
5297.59
5338.5
5310.84
5331.25
5324.64
5309.53
5335.78
5326.23
5309.12
5297.29
5305.04
5324.01
5329.57
5313.87
5325.5
5329.37
5321.22
5336.73
5338.26
5323.45
5320.15
5311.02
5328.47
5308.93
5297.82
5334.04
5303.09
5334.54
5295.09
5317.53
5294.53
5310.86
5314.99
5337.54
5315.71
5314.16
5304.7
5296.55
5295.96
5309.47
5324.17
5328.26
5332.49
5306.65
5312.49
5297.4
5302.18
5336.09
5300.74
5318.26
5309.71
5309.05
5301.19
5330.25
5295.2
5328
5311.34
5296.08
5303.63
5296.1
5304.76
5333.38
5302.14
5335.24
5318.89
5316.17
5316.52
5327.13
5333.4
5312.42
5302.79
5318.67
5336.44
5296.01
5328.39
5302.34
5295.23
5318.29
5321.54
5330.07
5307.71
5320.2
5318.06
5309.1
5301.61
5320.79
5298.76
5314.26
5296.25
5324.83
5293.67
5308.13
5296.24
5315.01
5294.17
5303.79
5309.11
5318.81
5311.98
5324.49
5314.6
5309.88
5303.25
5316.17
5300.95
5305.12
5303.61
5306.98
5312.31
5301.74
5322.33
5333.84
5329.45
5321.93
5311.79
5290.05
5274.99
5255.6
5265.99
5267.35
5283.73
5279.22
5278.97
5287.19
5263.84
5270.95
5284.05
5283.51
5273.53
5257.56
5280.14
5270.25
5250.62
5248.4
5260.01
5265.31
5284.45
5260.11
5263.12
5251.95
5269.37
5288.24
5257.51
5253.08
5265.53
5273.95
5258.49
5261.39
5255.78
5284.32
5255.2
5255.63
5256.53
5262.45
5272.05
5274.55
5259.43
5262.36
5284.41
5284.66
5272.8
5284.12
5267.54
5288.38
5259.25
5284.41
5285.02
5272.41
5260.1
5248.62
5258.9
5246.24
5283.97
5255.6
5246.79
5280.86
5252.1
5278.75
5264.48
5256.49
5279.03
5287.68
5272.08
5276.94
5249.37
5256.95
5285.86
5281.17
5270.1
5277.76
5254.25
5275.29
5268.68
5245.73
5266.68
5249.3
5265.22
5266.17
5255.95
5257.63
5267.25
5285.33
5266.3
5276.9
5278.92
5257.68
5267.32
5261.84
5283.07
5265.16
5266.43
5269.1
5250.85
5264.07
5269.76
5262.63
5261.44
5258.37
5283.96
5244.87
5282.47
5250.03
5261.63
5272.21
5286.55
5245.3
5272.71
5271.32
5254.68
5248.99
5269.51
5252.12
5275.7
5271.85
5277.86
5265.21
5286.06
5249.51
5279.9
5250.15
5251.96
5254.84
5249.05
5249.77
5253.36
5236.36
5235.4
5211.59
5197.67
5214.45
5230.03
5225.77
5233.33
5200.97
5225.19
5226.01
5213.21
5207.86
5225.34
5216.05
5205.37
5218.97
5225.22
5215.38
5207.74
5197.01
5224.41
5208.44
5226.55
5208.31
5221.39
5212.84
5207.08
5213.36
5239.04
5220.57
5198.67
5224.05
5216.78
5225.68
5197.82
5229.04
5209.36
5229.02
5204.6
5202.4
5208.16
5212.09
5209.94
5209.65
5205.58
5220.37
5231.42
5216.83
5218.45
5207.03
5224.66
5229.12
5197.6
5223.21
5223.44
5232.63
5202
5196.11
5205.22
5205.44
5206.61
5210.5
5200.38
5218.56
5208.03
5210.16
5234.86
5195.99
5220.69
5234.19
5207.09
5221.08
5237.55
5220.47
5224.81
5196.68
5226.56
5213.67
5235.22
5206.23
5224.47
5206.95
5226.65
5195.24
5216.33
5216.1
5196.91
5205.4
5219.95
5222.15
5224.22
5207.15
5223.15
5225.6
5206.4
5204.13
5218.75
5231.77
5233.81
5201.61
5220.47
5195.33
5232.97
5205.65
5224.79
5229.76
5224.23
5226.29
5199.68
5223.2
5205.31
5221.04
5206.67
5215.87
5217.04
5218.12
5212.34
5221.19
5236.4
5229.7
5214.3
5222.01
5235.15
5221.9
5208.74
5225.45
5233.58
5198.14
5198.71
5173.97
5189.71
5149.48
5154.81
5160.54
5186.38
5156.85
5154.5
5173.97
5172.46
5181.78
5184.35
5158.16
5152.35
5167.55
5185.95
5184.92
5148.9
5172.86
5150.96
5166.09
5160.82
5173.28
5161.22
5187.2
5174.18
5168.29
5157.26
5171.84
5168.02
5172.42
5151.36
5175.65
5165.39
5165.08
5149.27
5158.19
5189.21
5149.55
5184.83
5184.89
5173.87
5167.56
5179.39
5153.59
5168.21
5182.27
5183.6
5177.13
5176.14
5165.51
5155.49
5148.1
5169.15
5156.76
5188.46
5171.4
5180.56
5150.35
5185.21
5150.9
5150.37
5183.26
5170.4
5157
5173.55
5182.47
5167.12
5177.6
5168.06
5182.59
5169.23
5151.58
5159.88
5148.68
5156.08
5149.16
5156.38
5146.76
5156.99
5156.71
5167.45
5163.59
5178.77
5181.64
5180.16
5165.96
5148.04
5181.86
5181.52
5159.21
5165.09
5156.29
5148.07
5165.08
5164.7
5165.41
5172.2
5183.43
5187.54
5172.6
5158.46
5161.31
5163.06
5149.74
5161.09
5157.5
5173.68
5179.44
5152.75
5167.04
5183.59
5159.44
5169.07
5161.72
5160.8
5182.61
5179.17
5183.13
5179.1
5173.98
5180.36
5158.14
5153.68
5168.99
5151.01
5155.26
5160.93
5158.49
5186.96
5115.37
5111.95
5099.52
5100.58
5127.59
5135.47
5113.77
5140.12
5104.19
5120.81
5113.23
5114.33
5113.25
5134.37
5135.85
5125.61
5106.99
5107.87
5100.73
5117.76
5129.47
5121.91
5113.74
5099.15
5106.69
5138.83
5128.44
5111.42
5127.89
5104.54
5112.99
5109.3
5139.05
5139.18
5109.4
5122
5117.79
5133.18
5120.37
5121.58
5137.97
5132.9
5106.75
5110.97
5114.48
5118.29
5100.41
5100.55
5133.55
5102.85
5106.66
5114.62
5128.6
5114.66
5104.07
5129.13
5097.67
5127.47
5112.22
5139.01
5136.65
5124.8
5105.41
5120.69
5124.25
5122.77
5110.67
5127.25
5114.16
5124.61
5114.86
5124.42
5102
5100.32
5107.04
5108.79
5139
5097.87
5135.83
5135.71
5127.14
5120.53
5125.13
5124.98
5112.57
5121.09
5108.28
5122.15
5118.72
5116.37
5107.05
5096.94
5104.71
5113.46
5112.28
5105.13
5108.38
5109.73
5117.35
5102.86
5107.87
5105.65
5114.32
5119.46
5128.42
5108.91
5111.3
5099.65
5133.74
5123.87
5123.87
5101.52
5138.23
5101.42
5108.36
5097.59
5096.18
5129.11
5121.86
5132.14
5138.36
5123.23
5115.55
5131.13
5123.18
5128.86
5136.79
5103.66
5122.4
5122.35
5070.58
5077.73
5069.32
5057.75
5061.42
5056.44
5058.35
5082.07
5091.77
5093.04
5085.31
5061.32
5062.15
5063.92
5090.77
5078.31
5063.71
5077.98
5070.62
5090.04
5090.54
5087.59
5059.87
5061.34
5085.85
5048.94
5085.69
5089.52
5082.52
5087.4
5090.43
5067.26
5077.53
5078.77
5090.87
5063.26
5078.65
5066.69
5054.28
5086.69
5086.62
5080.57
5058.59
5057.35
5086.22
5088.37
5070.74
5071.31
5055.37
5064.06
5090.31
5087.26
5070.39
5060.48
5091.28
5073.19
5078.5
5084.89
5086.72
5083.28
5059.33
5088.58
5088.79
5070.57
5078.9
5088.78
5048.62
5077.97
5075.4
5074.21
5077.93
5070.23
5054.17
5084.36
5056.56
5071.96
5070.28
5061.4
5056.83
5060.17
5078.81
5064.04
5067.59
5055.32
5073.55
5067.38
5062.5
5057.4
5066.87
5069.32
5049.14
5061.49
5073.39
5055.73
5049.85
5054.99
5060.84
5085.49
5051.8
5076.01
5060.44
5048.33
5067.79
5050.35
5059.44
5052.87
5063.05
5067.87
5064.98
5078.28
5073.83
5073.08
5078.69
5047.46
5058.16
5055.91
5072.08
5069.22
5054.63
5065.94
5061.29
5065.79
5058.66
5053.92
5053.72
5062.34
5059.41
5060.47
5070.22
5053.86
5025.04
5026.68
5017.68
5012.21
5015.9
5007.53
5015.42
5027.9
5003.67
5023.97
5025.08
5041.49
5039.5
5034.32
5033.24
5039.91
5008.59
5018.25
5026.51
5024.43
5037.82
5023.11
5012.27
5034.66
5017.88
5011.33
5030.29
5001.78
5028.85
5013.93
5024.82
5014.15
5027.96
5041.5
5036.62
5030.33
5010.98
5016.98
5007.89
5001.72
5024.7
5008.28
5019.88
5002.25
5005.87
5033.59
5037.06
5008.62
5025.31
5033.54
5016.98
5040.75
5039.43
5033.62
5029.08
5023.19
5010.65
4998.95
5023.94
5026.77
5039.22
5015.6
5019.12
5013.11
5004.68
5025.44
5033.83
5036.7
4999.41
5032.68
5022.04
5040.99
5024.78
5004.41
5002.86
5030.91
5004.74
5034.82
5010.78
5035.81
5029.05
5002.56
5022.97
5033.25
5016.62
5022.7
5010.18
5013.1
5021.58
5036.06
5000.8
5037.99
4999.12
5010.46
5004.02
5005.56
5031.07
5026.17
5036.72
5022.77
5005.41
5010.79
5010.98
5037.55
5013.9
5037.07
4999.98
5033.35
5005.22
5009.63
4999.79
5016.43
5026.29
4998.51
5003.64
4999.78
5038.17
5007.4
5015.12
4998.85
5037
5005.73
5026.25
4998.99
5012.58
5038.57
5024.57
5039.67
5009.67
5034.87
4976.65
4957.56
4957.88
4971.79
4973.7
4986.16
4968.64
4991.03
4983.86
4977.35
4982.73
4992.32
4969.98
4969.33
4979.38
4979.75
4952.67
4976.5
4985.01
4987.58
4958.39
4961.25
4960.66
4961.5
4954.32
4964.12
4983.1
4953.93
4989.5
4965.49
4988.52
4968.97
4974.86
4969.04
4982.97
4976.67
4981.3
4953.76
4989.76
4969.63
4981.49
4984.22
4972.54
4975.7
4958.88
4968.23
4952.45
4950.41
4953.23
4989.81
4963.95
4978.17
4972.03
4965.3
4955.98
4954.66
4972.38
4983.2
4958.57
4969.68
4968.41
4972.5
4964.44
4990.88
4973.09
4986.98
4974.78
4969.83
4976.2
4958.73
4950.21
4960.35
4951.06
4966.73
4977.7
4970.17
4965.59
4985.7
4984.9
4970.63
4950.56
4974.37
4967.3
4974.16
4949.02
4955.78
4985.13
4974.64
4989.65
4974.3
4971.26
4974.88
4966.88
4987.86
4950.9
4987.55
4980.64
4953.36
4973.09
4970.54
4956.64
4955.73
4975.15
4973.61
4981.15
4978.13
4967.29
4951.9
4961.7
4957.75
4971.38
4964.9
4979.53
4964.15
4956.46
4986.03
4982.19
4984.37
4979.83
4976.98
4974.47
4963.06
4968.65
4980.1
4960.59
4965.82
4981.4
4965.36
4966.29
4971.6
4913.55
4925.85
4919.54
4925.81
4918.15
4937.59
4923.36
4939.97
4908.33
4933.68
4907.79
4907.8
4922.01
4928.14
4930.28
4903.25
4910.51
4907.98
4914.29
4906.91
4924.5
4930.38
4939.63
4904.09
4903.46
4909.24
4917.7
4922.16
4943.17
4924.16
4933.84
4926.67
4906.11
4942.58
4913.13
4926.95
4902.55
4923.26
4923.25
4914.97
4914.22
4917.57
4931.51
4904.39
4924.64
4937.98
4942.44
4928.69
4927.62
4916.15
4909.31
4921.1
4907.48
4928.71
4942.04
4926.2
4922.68
4922.89
4929.96
4934.2
4903.19
4931.5
4913.19
4900.56
4942.01
4903.51
4927.02
4937.86
4921.68
4913.84
4925.24
4920.35
4915.86
4920.34
4914.74
4938.9
4941.14
4908.3
4902.97
4941.65
4935.42
4924.41
4914.73
4921.94
4913.21
4936.21
4917.29
4935.09
4941.6
4903.5
4941.65
4922.65
4939.94
4905.23
4937.94
4932.52
4911.89
4909.31
4922.73
4928.08
4907.48
4920.45
4937.16
4938.08
4923.93
4925.1
4924.12
4907.42
4901.17
4940.61
4922.49
4925.04
4916.06
4921.66
4925.89
4925.15
4905.63
4938
4919.55
4940.7
4920.7
4933.98
4904.76
4935.28
4916.75
4933.71
4918.26
4913.39
4937.57
4929.57
4892.97
4894.13
4870.94
4868.15
4874.94
4877.44
4884.96
4873.83
4875.58
4883.67
4860.15
4893.57
4859.22
4894.19
4867.42
4852.95
4878.42
4885.53
4879.33
4859.81
4853.76
4894.13
4862.1
4865.59
4886.37
4867.39
4879.64
4869.29
4894.33
4893.16
4894.43
4852.13
4869.91
4872.42
4889.25
4866.17
4856.71
4887.71
4887.56
4881.57
4888.12
4887.31
4881.83
4881
4856.14
4889.86
4877.14
4886.29
4867.29
4881.17
4863.39
4891.82
4882.83
4867.07
4852.91
4878.3
4872.38
4858.51
4867.82
4867.43
4865.34
4874.54
4888.82
4892.48
4852.86
4891.89
4852.1
4885.26
4865.22
4872.22
4864.55
4893.49
4873.43
4861.04
4877.27
4883.88
4889.51
4866.92
4886.76
4871.19
4855.27
4868.58
4893.1
4854.18
4857.24
4872.99
4851.36
4886.66
4891.59
4867.58
4880.3
4860.53
4855.28
4871.04
4855.23
4870.33
4858.94
4889.06
4888.6
4871.79
4863.31
4882.87
4886.36
4892.42
4886.98
4874.82
4878.18
4862.64
4864.2
4856.81
4861.42
4874.7
4858.57
4850.43
4885.45
4876.11
4867.41
4881.17
4866.17
4885.26
4863.86
4887.95
4854.47
4862.99
4863.53
4891.52
4858.29
4856.64
4876.84
4889.12
4812.09
4840.45
4834.31
4843.18
4813.02
4845.75
4813.45
4845
4814.62
4839.34
4818.87
4826.2
4834.15
4803.46
4835.53
4829.35
4816.17
4827.21
4823.54
4833.65
4837.96
4803.57
4823.11
4838.74
4818.88
4817.58
4811.7
4807.35
4835.37
4802.79
4815.37
4827.95
4818.58
4824.43
4838.38
4821.48
4815.37
4804.57
4818.93
4831.09
4804.96
4815.01
4835.56
4838.61
4818.78
4836.05
4821.33
4838.93
4840.93
4805.88
4811.63
4824.45
4820.57
4820.05
4808.09
4813.32
4811.66
4808.31
4812.38
4839.46
4835.33
4823.82
4824.06
4808.89
4813.8
4814.84
4831.43
4829.13
4835.18
4820.05
4832.18
4808.93
4842.68
4842.53
4805.88
4803.3
4832.14
4826.14
4833.01
4834.09
4808.76
4813.38
4807.98
4803.93
4840.66
4816.55
4842.12
4829.12
4802.83
4807.48
4801.28
4807.33
4812.18
4821.03
4828.68
4840.69
4819.81
4843.71
4832.65
4823.72
4805.69
4827.07
4828.64
4813.38
4833.06
4810.16
4838.89
4825.95
4829.94
4825.51
4804.01
4809.85
4805.36
4834.47
4814.03
4800.35
4809.09
4803.54
4840.6
4815.38
4840.4
4840.22
4805.48
4810.01
4810.03
4834.43
4818.47
4810.41
4803.15
4829.37
4784.07
4774.49
4757.55
4776.5
4759.57
4780.53
4791.25
4775.5
4759.71
4772.83
4782.46
4796.75
4789.45
4759.1
4788.65
4790.51
4783.93
4781.28
4782.19
4764.5
4773.28
4764.4
4755.42
4781.37
4772.94
4765.2
4761.61
4760.97
4768.48
4758.63
4761.57
4789.8
4775.28
4784.58
4794.68
4767.26
4792.91
4764.7
4778.38
4769.05
4794.55
4782.24
4795.03
4783.55
4776.19
4755.56
4772.14
4777.99
4769.79
4785.18
4792.06
4773.67
4775.16
4780.8
4786.23
4785.91
4759.67
4764.24
4755.86
4769.81
4793.51
4787.49
4790.76
4776.95
4779.87
4760.2
4763.46
4787.69
4774.37
4780.23
4778.91
4793.41
4777.38
4773.82
4786.03
4770.04
4779.79
4766.3
4787.8
4755.04
4768.81
4785.72
4790.58
4789.48
4754.93
4784.43
4793.19
4774.05
4760.27
4752.5
4755.28
4785.65
4764.51
4773.53
4791.71
4756.54
4769.36
4782.03
4792.42
4759.24
4784.82
4766.4
4767.06
4793.81
4789.6
4775.5
4779.63
4787.05
4764.96
4773.94
4785.19
4766.62
4755.61
4785.36
4781.63
4792.74
4783.19
4759.88
4772.56
4781.71
4777.82
4753.33
4770.47
4768.63
4787.49
4766.83
4771.32
4772.06
4766.28
4784.09
4708.06
4735.64
4719.68
4714.05
4746.26
4715.55
4709.37
4747.03
4727.09
4712.41
4712.52
4708.71
4709.53
4725.85
4734.8
4735.81
4709.31
4708.02
4741.85
4714.74
4728.15
4709.11
4745.4
4740.66
4742.18
4735.12
4725.51
4707.23
4729.33
4732.43
4746.65
4718.17
4717.35
4731.09
4745.38
4730.31
4724.42
4711.33
4712.79
4705.77
4716.4
4744.24
4708.32
4727.33
4742.09
4706.25
4708.3
4720.43
4745.34
4712
4730.59
4728.99
4737.87
4744.66
4722.2
4707.04
4735.28
4741.31
4741.91
4727.4
4709.15
4706.73
4740.12
4719.06
4731.95
4724.24
4745.26
4710.06
4729.9
4745.8
4741.6
4708.74
4745.02
4736.77
4738.65
4718.25
4727.22
4732.51
4730.73
4742.34
4742.44
4704.6
4735.56
4732.33
4744.04
4728.37
4733.41
4728.87
4717.6
4704.98
4732.3
4736.05
4740.51
4729.35
4705.13
4739.79
4745.05
4740.05
4703.34
4723.3
4721.03
4731.12
4716.55
4737.03
4731.79
4740.42
4730.93
4721.52
4740.18
4743.22
4711.75
4704.39
4708.52
4704.47
4724.71
4721.75
4723.08
4744.66
4714.22
4717.4
4736.94
4733.57
4740.16
4736.72
4739.05
4733.69
4703.58
4708.63
4723.38
4741.96
4685.97
4681.53
4694.32
4668.7
4695.57
4689.83
4677.23
4665.82
4679.6
4689.09
4668.3
4660.11
4665.92
4692.28
4695.68
4676.71
4686.23
4682.31
4658.53
4670.51
4659.03
4670.88
4695.44
4692.33
4670.54
4679.14
4659.88
4669.24
4674.18
4676.06
4681.47
4663.31
4675.34
4669.23
4694.41
4687.59
4675.26
4659.33
4661.63
4694.73
4686.6
4695.6
4691.14
4697.45
4662.45
4696.89
4675.83
4662.96
4670.29
4676.88
4697.25
4681.63
4690.37
4664.81
4680.49
4667.91
4691.49
4658.56
4667.31
4658.69
4692.14
4678.99
4675.98
4697.03
4684.23
4671.98
4658.85
4671.55
4693.95
4669.51
4685.54
4666.69
4688.84
4687.83
4687.36
4678.02
4674.57
4663.22
4680.05
4687.75
4683.08
4689.24
4695.03
4692.43
4671.76
4674.63
4677.92
4684.02
4665.94
4667.42
4670.22
4668.41
4661.31
4683.34
4679.35
4670
4689.05
4666.78
4678.05
4658.9
4685.1
4655.71
4657.18
4678.23
4664.35
4658.92
4672.84
4691.34
4686.93
4688.27
4669.93
4669.64
4668.99
4693.13
4683.42
4695.14
4665.63
4669.5
4693.17
4679.01
4662.43
4676.57
4683.72
4684.19
4677.58
4693.87
4695.67
4671.14
4679.4
4687.98
4642.75
4635.67
4621.87
4629.47
4641.12
4628.19
4631.36
4618.07
4644.26
4649.07
4649.01
4645.08
4630.74
4612.41
4642.84
4650.42
4611.32
4623.92
4634.92
4640.77
4614.6
4641.91
4622.76
4643.67
4649.93
4649.88
4615.38
4616.72
4616.19
4648.61
4621.04
4650.28
4620.21
4633.76
4620.39
4640.12
4625.01
4636.81
4643.92
4647.75
4643.75
4619.43
4608.32
4639.25
4617.45
4617.85
4648.3
4635.74
4617.78
4640.65
4614.66
4619.26
4641.51
4628.17
4630.35
4612.41
4608.84
4634.82
4624.89
4611.97
4608.09
4646.95
4647.48
4635.94
4628.75
4641.44
4633.2
4622.95
4642.44
4629.36
4625.25
4627.45
4622.03
4610.35
4613.92
4623.05
4644.92
4614.72
4642.45
4640.73
4610.14
4624.6
4613.75
4646.22
4610.39
4645.43
4641.28
4622.07
4622.19
4648.5
4621.34
4626.64
4627.51
4610.97
4614.71
4633.96
4635.32
4615.66
4621.01
4645.49
4608.41
4612.09
4648.21
4635.84
4629.9
4632.39
4610.82
4621.3
4618.38
4646.34
4623.68
4612.33
4623.26
4630.14
4631.19
4644.58
4639.43
4632.2
4606.33
4638.84
4644.41
4618.34
4606.85
4639.9
4615.05
4610.51
4625.21
4645.07
4624.08
4624.99
4600.55
4588.7
4598.31
4581.02
4591.2
4598.31
4602.86
4595.57
4568.92
4570.41
4595.02
4598.15
4600.76
4592.67
4592.23
4583.64
4568.8
4570.54
4591.27
4577.43
4574.95
4580.03
4565.6
4593.41
4596.69
4583.15
4600.59
4564.37
4585.17
4584.23
4561.96
4569.03
4585.79
4581.54
4584.13
4591.14
4596.39
4601.1
4576.97
4577.07
4574.76
4596.27
4581.92
4596.26
4597.99
4585.13
4597.19
4588.79
4581.79
4592.37
4590.68
4585.7
4588.67
4586.79
4574.93
4579.57
4570.63
4574.94
4594.99
4589.56
4600.6
4577.6
4560.66
4592.15
4599.34
4573.27
4563.73
4557.77
4585.55
4591.76
4594.27
4567.3
4594.66
4563.37
4595.2
4591.74
4594.4
4569.14
4587.58
4594.56
4590.49
4574.08
4563.72
4573.9
4558.38
4570.49
4574.73
4589.83
4569.2
4588.97
4581.84
4577.5
4592.01
4564.19
4577.8
4577.02
4565.73
4577.92
4587.6
4586.27
4585.23
4566.85
4565.43
4573.08
4570.16
4571.01
4586.98
4592.15
4591.9
4575.61
4573.78
4594.71
4562.77
4582.97
4563.05
4575.28
4560.56
4577.56
4594.57
4571.44
4585.14
4567.07
4580.95
4597.25
4593.22
4559.22
4563.18
4563.47
4594.94
4573.03
4546.41
4548.07
4575.46
4602.41
4624.75
4621.87
4643.88
4690.88
4704.59
4704.15
4743.92
4752.9
4794.38
4819.03
4809.62
4833.92
4872.11
4888.75
4888.96
4967.12
4968.77
4976.12
4981.54
5001.42
5021.46
5012.4
5047.82
5054.91
5070.74
5075.4
5120.9
5142.28
5155.04
5199.18
5213.28
5214.18
5252.66
5247.64
5282.66
5284.41
5332.92
5311.24
5330.89
5375.06
5365.77
5409.59
5407.98
5450.54
5477.76
5490.34
5505.16
5499.38
5516.12
5528.68
5580.81
5585.61
5636.39
5628.27
5661
5651.71
5670.84
5682.91
5718.91
5721.29
5761
5795
5827.71
5820.42
5851.22
5888.73
5879.5
5893.6
5953.37
5971.4
6000.79
5987.18
5992.8
5992.97
6033.85
6012.25
6050.14
6044.45
6047.51
6067.26
6061.9
6081.76
6083.88
6095.26
6106.53
6111.95
6131.4
6137.72
6153.98
6184.47
6200.04
6189.71
6213.7
6220.77
6229.65
6248.89
6256.8
6257.52
6261.52
6317.71
6316.63
6339.34
6345.26
6357.28
6352.49
6379.58
6405.68
6389.61
6402.48
6410.54
6438.83
6451.85
6458.57
6450.56
6472.94
6480
6479.9
6494.36
6506.23
6557.1
6554.19
6563.88
6592.19
6568.39
6582.29
6605.75
6584.07
6584.21
6574.55
6561.32
6570.37
6569.03
6567.31
6561.43
6591.55
6587.24
6563.47
6569.61
6576.25
6565.59
6593.64
6565.82
6586.7
6576.25
6592.69
6573.95
6576.87
6593.55
6564.47
6587.78
6574.42
6575.24
6570.69
6581.78
6590.74
6568.71
6587.43
6589.27
6585.98
6578.69
6560.51
6584.56
6592.5
6585.19
6572.24
6561.93
6580.21
6576.66
6569.93
6569.31
6579.82
6570.56
6570.28
6577.96
6568.36
6572.21
6565.29
6584.68
6559.81
6580.61
6584.68
6568.52
6568.95
6576.06
6584.21
6568.12
6587.29
6574.98
6564.45
6578.02
6585.67
6585.18
6561.13
6564.68
6583.72
6585.5
6568.28
6573.77
6581.45
6567.81
6563.12
6588.73
6584.67
6581.39
6588.62
6565.65
6587.16
6576.61
6566.19
6589.48
6591.24
6586.76
6575.95
6565.77
6565.76
6559.43
6575.16
6589.17
6581.16
6566.44
6572.83
6560.8
6566.31
6587.08
6573.68
6562.41
6574.05
6591.7
6573.36
6569.54
6575.13
6590.39
6563.16
6583.89
6576.27
6590.1
6561.72
6566.72
6563.4
6575.9
6583.17
6577.71
6563.1
6569.04
6589.73
6583.29
6584.59
6563.28
6563.9
6585.15
6583.29
6562.58
6567.1
6567.53
6566.97
6579.39
6528.61
6524.12
6539.92
6534.08
6534.51
6549.18
6538
6546.87
6532.45
6548.36
6534.07
6533.01
6552.31
6554.29
6540.89
6536.88
6547.17
6537.91
6536.04
6555.56
6554.31
6538.72
6530.95
6543.45
6536.01
6548.89
6523.76
6533.69
6550.59
6538.11
6543.92
6528.9
6552.05
6527.35
6530.07
6545.62
6528.59
6524.13
6554.07
6539.53
6542.1
6523.89
6529.15
6545.58
6532.47
6541.42
6522.25
6527.3
6524.1
6539.03
6524.25
6541.18
6539.95
6534.48
6524.9
6529.95
6548.2
6545.27
6542.34
6540.27
6551.27
6541.68
6533.75
6526.16
6554.66
6547.74
6538.21
6529.95
6528.88
6553.8
6531.26
6546.04
6523.16
6537.49
6520.82
6532.48
6541.87
6539.12
6542.18
6525.64
6526.57
6553.24
6527.94
6530.22
6528.84
6537.88
6545.37
6523.43
6523.09
6547.87
6545.1
6527.92
6525.9
6533.28
6530.16
6545.07
6521.66
6530.08
6530.51
6544.18
6546.11
6521.78
6539.67
6541.92
6539.54
6540.38
6528.61
6547.78
6520.08
6540.78
6533.75
6529
6521.13
6538
6546.3
6534.91
6524.76
6520.16
6549.26
6540.8
6520.1
6551.34
6531.47
6537.65
6519.36
6533.61
6522.31
6550.68
6522.72
6551.33
6505.93
6514.49
6518.16
6486.23
6517.9
6517.37
6512.22
6489.12
6508.45
6485.22
6488
6488.07
6487.53
6517.76
6507.74
6495.87
6496.91
6495.56
6515.1
6504.87
6493.77
6512.26
6499.12
6488.04
6508.65
6513.28
6490.55
6484.48
6510
6489.73
6492.3
6485.74
6491.31
6512.83
6489.12
6493.57
6495.05
6503.78
6505.86
6504.73
6490.46
6486.5
6508.87
6495.18
6510.96
6484.63
6501.61
6496.41
6490.74
6506.33
6513.88
6488.27
6514.38
6494.39
6500.55
6491.46
6513.3
6516.78
6487.32
6516.65
6500.85
6501.27
6510.44
6505.33
6501.89
6512.78
6507.95
6509
6515.3
6495.67
6505.21
6498.2
6510.9
6494.33
6503.61
6499.21
6501.19
6515.4
6493.62
6486.3
6489.99
6491.63
6509.1
6487.53
6504.36
6500.8
6513.12
6492.49
6489.93
6505.82
6498.1
6515.66
6509.59
6507.72
6499.33
6514.81
6499.21
6511.55
6490.2
6498.23
6497.74
6490.49
6483.97
6483.98
6488.54
6483.94
6512.11
6512.44
6501.95
6503.7
6487.11
6491.07
6503.12
6510.3
6508.1
6497.71
6506.72
6482.17
6491.69
6481.67
6489.62
6494.16
6483.18
6503.27
6492.04
6509.84
6497.16
6503.44
6484.34
6507.06
6472.35
6458.72
6451.66
6462.13
6448.52
6454.6
6456.18
6451.65
6478.45
6454
6449.44
6475.83
6465.85
6447.88
6466.47
6446.61
6458.38
6453.11
6454.86
6475.83
6473.27
6467.3
6479.45
6448.07
6452.33
6446.57
6470.26
6446.36
6471.63
6465.94
6459.82
6474.67
6467.74
6474.85
6466.21
6465.27
6471.41
6456.68
6449.72
6458.61
6468.34
6470.71
6455.83
6462.63
6451.8
6449.14
6449.08
6469.55
6469.01
6465.1
6453.73
6458.36
6458.9
6463.44
6469.52
6464.07
6456.79
6460.63
6465.68
6460.37
6450.1
6474.3
6451.01
6461.38
6446.07
6472.27
6466.88
6461.56
6468.56
6471.81
6452.03
6475.33
6452.73
6455.69
6450.6
6445.11
6452.42
6469.82
6457.53
6448.73
6451.65
6463.43
6457.47
6472.11
6471.4
6469.44
6464.21
6477.73
6475.84
6445.88
6450.59
6470.85
6470.54
6473.85
6447.11
6453.24
6444.6
6476.3
6459.83
6457.07
6465.23
6464.14
6454.28
6445.09
6465.83
6449.9
6448.86
6463.35
6474.33
6447.33
6465.85
6451.44
6461.67
6445.92
6473.34
6466.37
6456.57
6450.07
6466.09
6452.55
6460.24
6462.87
6455.28
6461.74
6461.56
6445.37
6475.21
6447.6
6448.62
6457.35
6412.41
6439.01
6437.62
6416.88
6437.04
6428.96
6439.22
6427.31
6420.59
6412.87
6441.23
6412.39
6422.75
6419.71
6410.76
6436.41
6421.4
6440.85
6426.71
6416.81
6423.34
6409.66
6417.53
6438.19
6420.14
6411.74
6413.91
6438.91
6432.05
6437.62
6424.86
6435.26
6437.49
6414.58
6440.72
6417.79
6419.07
6420.9
6420.39
6423.27
6440.05
6430.39
6424.54
6415.87
6423.63
6430.06
6409.34
6434.34
6417.64
6432.33
6429.11
6415.97
6411.31
6422.26
6434.53
6432.95
6419.75
6430.39
6412.48
6406.77
6433.09
6427.89
6417.03
6425.82
6436.82
6438.84
6407.06
6430.51
6422.65
6414.09
6412.31
6420.73
6414.24
6420.5
6435.91
6415
6436.64
6436.39
6420.99
6435.26
6422.99
6412.93
6407.98
6424.85
6409.34
6411.9
6406.54
6423.42
6427.47
6421.06
6427.11
6429.16
6423.3
6411.96
6435.4
6423.38
6420.63
6412.11
6412.44
6414.52
6430.37
6434.24
6439.07
6428.02
6425.93
6426.63
6428.35
6415
6410.06
6410.74
6409.27
6406.55
6421
6407.76
6423.91
6437.63
6406.51
6436.32
6411.34
6426.11
6416.07
6420.91
6430.85
6412.35
6430.49
6427.14
6408.21
6414.37
6437.83
6422.89
6396.62
6357.75
6364.26
6374.2
6381.24
6369.67
6386.01
6389.57
6380.95
6372.44
6383.65
6382.11
6363.17
6359.97
6365.94
6369.93
6357.62
6372.24
6368
6372.21
6365.63
6380.74
6375.94
6361.2
6364.55
6367.92
6359.82
6367.27
6380.16
6373.82
6382.41
6363.5
6362.87
6380.07
6375.46
6361.68
6370.37
6371.27
6386.03
6388.35
6376.05
6364.01
6361.77
6367.35
6369.46
6372.21
6381.4
6377.44
6359.31
6365.46
6369.02
6373.21
6372.66
6372.61
6371.5
6365.69
6355.46
6372.35
6385.51
6387.86
6369.58
6369.52
6374.33
6363.7
6357.65
6369.58
6365.66
6373.82
6374.1
6373.99
6370.92
6388.15
6368.16
6386.27
6358.55
6388.19
6359.18
6374.11
6385.54
6379.12
6386.21
6371.59
6371.09
6376.33
6374.51
6364.16
6376.12
6356.15
6377.24
6363.74
6358.29
6360.45
6360.74
6381.88
6376.92
6356.78
6377.13
6365.76
6362.11
6357.01
6376.42
6359.3
6381.37
6372.5
6371.04
6369.41
6368.92
6359.51
6383.04
6364.63
6363.34
6367.4
6356.25
6376.29
6384.64
6364.21
6366.04
6356.75
6379.81
6368.45
6381.91
6371.6
6385.77
6363.96
6355.6
6377.14
6354.68
6386.76
6378.09
6366.3
6327.54
6333.19
6320.22
6336.7
6322.81
6339.42
6323.38
6319.56
6320.71
6351.16
6339.54
6348.4
6348.39
6339.8
6336.38
6343.89
6342.44
6334.89
6324.34
6334.27
6339.08
6339.92
6340.99
6345.85
6335.59
6350.42
6342.8
6340.68
6349.19
6351.24
6347.35
6332.9
6335.39
6324.26
6337.03
6341.17
6338.14
6329.18
6346.07
6332.57
6346.92
6348.16
6320.54
6321.87
6326.01
6340.94
6323.98
6347.9
6331.26
6322.86
6325.84
6346.81
6339.83
6338.86
6347.65
6343.4
6332.88
6340.36
6350.24
6320.81
6321.66
6330.99
6331.47
6347.79
6321.79
6326.33
6339.36
6321.42
6345.47
6330.42
6329.21
6332.26
6318.27
6337.03
6342.24
6322.81
6339.33
6335.51
6330.3
6322.73
6322.85
6332.89
6331.7
6345.32
6348.39
6339.2
6318.97
6321.96
6347.74
6326.98
6338.89
6338.42
6316.04
6317.9
6345.92
6348.3
6348.88
6324.76
6340.64
6320.55
6327.17
6339.91
6332.12
6335.09
6321.46
6342.49
6345.44
6344.29
6330.59
6324.44
6333.84
6345.53
6319.84
6329.33
6329.8
6346.53
6332.29
6337.04
6342.59
6342.01
6317.04
6323.45
6332.81
6328.9
6321.98
6326.28
6337.72
6327.47
6329.35
6323.44
6280.59
6284.5
6283.57
6311.11
6291.93
6292.42
6291.62
6313.21
6289.3
6280.43
6286.81
6311.11
6283.5
6289.98
6311.7
6299.69
6303.83
6303.93
6285.42
6308.84
6284.31
6312.55
6282.45
6295.15
6306.13
6279.73
6290.95
6312.4
6294.25
6293.74
6303.47
6294.32
6293.18
6299.96
6308.37
6304.48
6305.49
6286.38
6288.14
6301.64
6300.93
6292.34
6300.32
6304.61
6292.67
6303.84
6285.75
6302.37
6307.28
6287.76
6286
6296.51
6289.93
6290.98
6294.17
6306.49
6300.96
6308.48
6280.74
6306.83
6295.34
6310.5
6286.22
6289.64
6289.69
6288.52
6301.45
6306.9
6292.59
6294.68
6309.08
6303.5
6307.92
6302.72
6285.18
6281.6
6302.94
6295.96
6285.11
6297.39
6294.13
6296.29
6303.71
6283.91
6293.16
6286.93
6294.85
6293.26
6311.36
6300.43
6295.64
6305.32
6301.69
6283.09
6283.95
6302.48
6301.27
6294.68
6291
6280.29
6280.57
6297.76
6304.01
6286.83
6287.98
6281.52
6306.1
6309.25
6285.2
6308.3
6290.33
6308.25
6293.68
6293.25
6285.79
6294.44
6279.93
6286.28
6300.56
6289.08
6305.98
6304.14
6294.31
6283.15
6290.32
6276.88
6302.72
6298.2
6296.84
6282.09
6246.58
6247.46
6252.1
6259.2
6251.24
6261.4
6267.39
6255.74
6247.47
6249.37
6248.17
6244.75
6241.99
6261.06
6252.95
6265.07
6274.47
6254.23
6251.16
6244.04
6271.17
6267.91
6262.21
6273.8
6251.95
6268.85
6241.16
6259.54
6269.82
6270.51
6241.22
6268.35
6267.14
6241.43
6259.73
6273.02
6263.71
6263.55
6264.53
6251.86
6254.6
6261.22
6255.63
6240.8
6272.43
6253.36
6244.7
6242.02
6241.87
6244.13
6269.84
6262.95
6249.25
6258.39
6266.29
6250.83
6261.35
6262.76
6257.56
6273.54
6265.51
6254.8
6252.71
6240.75
6250.51
6249.13
6264.77
6259.63
6267.03
6262.41
6261.39
6272.39
6242
6241.1
6269.77
6245.72
6270.03
6261.42
6271.25
6252.7
6253.67
6251.1
6257.4
6255.65
6261.36
6256.49
6265.22
6249.64
6259.02
6267.48
6249.35
6239.19
6270.78
6240.25
6264.23
6254.41
6271.39
6253.89
6261.2
6255.4
6240
6259.37
6269.2
6260.04
6272.21
6270.74
6250.6
6270.03
6249.68
6253.48
6242.23
6266.52
6267.26
6268.92
6258.81
6255.11
6248.87
6255.17
6257.62
6242.73
6240.61
6258.07
6240.27
6256.57
6247.15
6253.7
6252.96
6245.92
6250.77
6269.57
6224.08
6229.16
6214.67
6232.97
6204.3
6231.83
6215.3
6221.47
6208.34
6213.63
6221.02
6211.56
6218.78
6202.96
6233.95
6203.2
6208.83
6212.53
6220.82
6215.8
6229.97
6232.46
6229.02
6224.25
6230.23
6215.49
6222.81
6234.46
6232.95
6227.2
6217.29
6218.26
6226.31
6211.91
6202.44
6233.2
6229.3
6216.68
6210.22
6226.8
6231.36
6225.85
6209.05
6207.52
6219
6222.97
6235.18
6206.34
6211.73
6217.57
6211.69
6218.93
6220.41
6218.58
6212.96
6220.06
6229.09
6212.73
6218.45
6216.8
6235.07
6208.74
6207.99
6220.25
6206.88
6230.68
6212.2
6226.96
6232.14
6218.71
6206.65
6213.76
6212.12
6206.46
6213.84
6222.85
6205.33
6212.59
6207.27
6227.11
6212.97
6224.87
6215.08
6232.3
6232.87
6220.12
6216.95
6224.04
6230.78
6214.98
6232.01
6232.13
6222.37
6231.65
6222.91
6225.24
6232.93
6215.9
6202.8
6228.01
6202.27
6210.41
6211.16
6207.14
6211.43
6231.82
6231.51
6215.09
6204.66
6224.84
6215.71
6230.24
6205.46
6206.85
6229.23
6216.8
6216.55
6205.18
6206.26
6224.3
6212.02
6222.23
6229.03
6221.22
6199.62
6203.76
6209.88
6208.61
6200.86
6207.64
6189.69
6169.24
6183.51
6189.93
6167.32
6167.17
6166.48
6176.88
6192.53
6182.5
6192.89
6191.22
6188.04
6181.28
6185.99
6172.75
6181.24
6176.32
6164.43
6185.16
6182.58
6196.02
6189.07
6186.69
6174.54
6193.68
6195.59
6174.84
6175.16
6193
6175.67
6177.2
6194.59
6173.6
6182.48
6168.63
6183.06
6173.61
6183.51
6188.01
6169.62
6185.86
6172.57
6178.02
6191.7
6183.01
6188.62
6163.75
6162.96
6171.93
6188.99
6168.28
6184.81
6195.56
6167.46
6193.62
6192.58
6192.15
6193.2
6195.91
6162.61
6169.01
6187.92
6190.96
6177.43
6195.23
6187.08
6193.75
6194.17
6168.46
6191.06
6193.17
6183.45
6171.42
6171.83
6188.38
6186.05
6168.85
6189.42
6191.07
6172.53
6176.4
6171.78
6189.41
6194.38
6168.63
6181.12
6187.04
6194.75
6170.88
6167
6193.27
6193.55
6162.18
6179.34
6186.44
6169.26
6177.64
6184.7
6166.58
6178.18
6192.86
6184.92
6164.68
6175.37
6180.26
6188.38
6178.15
6186.43
6181.47
6191.24
6191.51
6169.61
6178.98
6172.36
6174.74
6161.89
6170.34
6165.23
6175.65
6161.99
6173.6
6182.54
6194.67
6162.36
6179.86
6193.38
6182.97
6162.6
6186.91
6140.02
6135.68
6144
6126.81
6148.23
6142.1
6142.51
6154.97
6135.94
6137.58
6153.95
6134.49
6122.9
6148.15
6122.25
6116.78
6113.53
6118.84
6116.89
6105.47
6110.72
6090.27
6101.01
6098.72
6081
6091.13
6041.32
6048.72
6029.65
6048.36
6031.93
6046.19
6027.26
6030.07
6024.17
6029.28
6038.42
6043.4
6038.18
6044.17
6024.06
6034.6
6021.65
6026.54
6047.11
6052.76
6037.02
6051.42
6030.51
6052.36
6034.45
6049.53
6043.62
6014.69
5975.91
5979.86
5980.42
5979.83
5985.21
5996.39
5965.75
5994.64
5924.45
5950.59
5921.56
5951.96
5906.68
5903.02
5882.12
5881.66
5890.29
5891.49
5883.81
5867.51
5885.3
5853.86
5864.59
5859.53
5864.05
5782.45
5785.75
5774.95
5778.73
5759.65
5772.72
5773.86
5754.78
5766.67
5767.33
5749.83
5771.26
5771.5
5770.79
5755.5
5754.29
5746.37
5760.96
5738.39
5735.25
5765.36
5746.73
5761
5701.65
5721.27
5717.76
5725.83
5704.17
5707.22
5695.01
5711.56
5700.57
5696.12
5696.5
5700.84
5689.66
5676
5681.74
5664.51
5640.26
5653.71
5660.71
5575.31
5545.99
5543.95
5566.07
5554.62
5558.09
5562.93
5544.81
5535.76
5488.07
5491.34
5519.69
5495.56
5513.99
5524.27
5496.15
5518.81
5507.2
5493.16
5501.52
5490.27
5501.84
5488.9
5506.99
5500.1
5500.62
5512.31
5518.73
5522.29
5515.47
5524.11
5496.96
5495.62
5505.91
5504.15
5487.91
5495.97
5490.84
5518.52
5491.93
5520.98
5507.85
5522.73
5523.58
5510.58
5489.59
5519.74
5489.88
5523.7
5514.62
5506.25
5489.97
5518.96
5498.8
5522.57
5517.42
5521.66
5508.82
5500.67
5507.46
5486.51
5486.05
5490.37
5516.43
5512.32
5502.19
5493.63
5500.46
5488.61
5496.83
5505.51
5516.07
5501.31
5485.4
5499.3
5499.12
5523.37
5508.22
5511.69
5491.11
5522.26
5501.31
5501.87
5494.46
5500.43
5501.52
5498.82
5516
5499.47
5521.67
5495.57
5510.59
5519.37
5498.15
5521.01
5522.96
5485.44
5501.54
5509.92
5518.8
5489.17
5494.66
5488.38
5489.93
5499.45
5515.47
5512.29
5511.48
5500.65
5522.73
5485.9
5485.61
5517.04
5506.14
5494.16
5511.49
5499.3
5497.8
5494.14
5504.24
5514.01
5510.77
5486.22
5494.07
5504.13
5500.62
5494.12
5521.52
5514.5
5488.1
5505.87
5492.53
5485.06
5519.64
5516.23
5503.94
5495.58
5515.75
5492.67
5474.97
5479.62
5459.02
5455.39
5459.1
5463.39
5474.14
5465.68
5444
5474.34
5474.38
5479.74
5477.7
5470.71
5446.07
5445.25
5457.24
5452.7
5448.87
5481.63
5472.62
5479.2
5450.56
5458.28
5445.17
5475.25
5448.47
5475.56
5472.77
5465.49
5463.44
5450.96
5474.84
5442.93
5459.5
5445.41
5466.89
5466.96
5449.74
5457.28
5479.84
5454.39
5467.96
5458.01
5450.39
5475.12
5442.28
5448.08
5453.41
5461.76
5445.66
5447.27
5476.61
5475.69
5450.39
5478.11
5456.36
5465.3
5462.47
5478.41
5472.07
5471.75
5455.95
5470.81
5441.89
5443.22
5450.64
5464.86
5470.55
5478.65
5451.45
5451.89
5464.58
5468.13
5471.52
5447.93
5475.86
5474.55
5454
5452.74
5471.58
5477.9
5471.66
5444.39
5475.99
5450.55
5442.04
5450.29
5465.57
5451.49
5461.97
5468.73
5445.25
5469.13
5476.44
5451.51
5470.16
5466.59
5462.84
5477.37
5453.18
5470.83
5444.36
5458.48
5464.11
5445.32
5463.91
5473.64
5444.38
5469.07
5445.62
5449.92
5475.63
5477.65
5453.84
5453.8
5446.6
5455.27
5470.88
5460.78
5450.61
5451.69
5448.74
5476.44
5472.1
5468.51
5470
5449.42
5463.83
5459.91
5403.72
5400.48
5422.07
5436.06
5421.7
5405.26
5430.03
5419.5
5412.31
5414.51
5413.17
5429.44
5428.2
5400.09
5432.69
5428.91
5407.63
5409.95
5433.11
5420.46
5431.55
5402.29
5409.04
5416.42
5411.35
5404.28
5411.97
5400.32
5414.55
5435.31
5431.06
5427
5422.71
5411.35
5404.89
5419.42
5425.75
5405.22
5418.05
5423
5433.56
5415.33
5406.61
5424.68
5410.48
5403.51
5398.77
5433.04
5436.27
5401.95
5432.07
5400.38
5422.3
5401.1
5431.38
5408.6
5419.42
5400.39
5404.5
5434.46
5400.45
5401.41
5430.19
5411.5
5416.87
5416.69
5404.94
5407.35
5397.89
5433.99
5406.64
5434.99
5432.94
5421
5429.34
5419.74
5418.84
5427.35
5428.1
5426.1
5414.18
5423.26
5429.06
5402.58
5426.51
5416.09
5420.88
5435.04
5424.77
5422.27
5424.43
5408.42
5431.82
5428.55
5399.25
5410.6
5420.22
5407.86
5423.47
5404.81
5415.09
5420.57
5412.32
5415.05
5421.92
5417.46
5411.75
5404.35
5398.2
5427.59
5424.3
5425.97
5424.35
5423.96
5432.13
5412.93
5415.74
5418.83
5414.28
5399.75
5424.28
5423.04
5429.46
5412.67
5396.9
5416.61
5417.8
5408.24
5413.08
5430.22
5390.05
5370.05
5382.28
5372.52
5390.92
5376.04
5365.62
5378.98
5369.01
5365.46
5375.81
5392.07
5370.38
5367.64
5379.53
5350.21
5372.96
5373.74
5377.27
5378.02
5381.56
5350.08
5363.52
5369.56
5364.23
5375.03
5382.64
5354.5
5371.27
5349.51
5349.48
5357.97
5367.95
5382.19
5362.35
5371.53
5379.93
5378.45
5358.83
5384.83
5348.18
5381.6
5364.72
5356.9
5349.86
5352.19
5352.01
5373.14
5373.49
5376.99
5351.67
5373.41
5378.21
5360.44
5376.48
5353.29
5374.21
5351.48
5385.38
5382.66
5355.31
5376.82
5351.82
5347.19
5352.74
5352.15
5385.08
5366.03
5368.01
5349.01
5349.86
5371.59
5374.37
5364.77
5371.19
5365.25
5366.72
5359.89
5371.08
5356.72
5370.76
5373.22
5371.13
5368.74
5364.41
5349.44
5352.59
5353.23
5348.37
5354.12
5353.07
5373.6
5349.82
5360.32
5381.04
5371.86
5362.52
5357.66
5346.15
5347.5
5346.91
5374.25
5372.97
5359.67
5355.46
5357.92
5368.81
5371.74
5357.36
5355.08
5375.51
5351.07
5359.01
5374.52
5371.61
5348.59
5363.31
5380.28
5359.82
5383.34
5347.21
5365.6
5381.87
5380.85
5347.87
5349.51
5380.78
5348.06
5351.16
5379.8
5342.29
5322.05
5329.46
5328.76
5309.6
5336.3
5313.48
5310.62
5320.47
5313.77
5321.01
5322.78
5325.69
5320.84
5339.79
5326.1
5317.12
5325.67
5318.59
5307.25
5326.41
5306.28
5341.56
5332.97
5306.95
5324.23
5306.34
5319.58
5326.8
5309.34
5309.67
5317.34
5324.97
5333.75
5305.7
5305.47
5322.64
5319.58
5319.7
5338.82
5312.01
5331.09
5313.46
5306.06
5341.91
5330.05
5335.12
5310.85
5320.95
5325.67
5303.63
5313.09
5305.4
5317.34
5325.16
5341.68
5305.68
5329.07
5311.28
5304.02
5313.61
5334.2
5334.3
5308.94
5341.17
5340.44
5339.53
5318.01
5303.42
5311.51
5316.39
5312.51
5308.29
5318.86
5330.91
5328
5309.95
5304.63
5303.43
5308.21
5324.63
5309.47
5331.9
5322.58
5331.28
5325.02
5313.11
5310.82
5331.79
5324.59
5330.32
5307.86
5336.28
5339.84
5315.63
5337.32
5339.18
5337.58
5315.22
5310.69
5330
5302.91
5323.58
5307.82
5320.68
5302.29
5319.56
5305.08
5302.26
5306.91
5339.27
5304.81
5309.71
5307.69
5329.79
5338.82
5322.53
5326.02
5303.63
5309.36
5306.78
5317.2
5318.99
5301.25
5314.25
5302.01
5333.3
5314.91
5316.29
5331.1
5291.14
5265.53
5275.62
5278.43
5285.82
5266.19
5289.41
5292.63
5272.03
5287.35
5269.5
5269.06
5281.09
5298.76
5295.66
5294.9
5285.26
5295.02
5265.93
5267.68
5265.41
5288.22
5274.96
5291.94
5286.61
5265.49
5276.35
5293.47
5291.38
5272.44
5267.52
5259.93
5296.68
5286.39
5271.06
5282.87
5281.87
5291.76
5279.89
5273.1
5276.81
5297.08
5298.35
5275.72
5279.03
5267.54
5270.4
5284.08
5276.31
5261.87
5273.42
5274.68
5264.03
5266.46
5281.35
5264.22
5263.12
5269.87
5295.82
5293.19
5270.48
5292.22
5293.52
5278.43
5261.94
5267.31
5279.48
5292.22
5295.76
5290.1
5275.48
5265.15
5262.36
5261.12
5265.44
5296.55
5288.93
5289.56
5265.56
5286.64
5278.99
5269.45
5295.01
5281.21
5278.52
5272.4
5290.34
5263.72
5267.93
5270.16
5275.88
5293.96
5269.96
5292.61
5271.88
5292.85
5283.73
5279.93
5258.34
5283.33
5287.51
5290.31
5280.3
5263.78
5295.94
5277.97
5270.87
5260.78
5274.3
5271.1
5286.58
5292.25
5262.65
5283.78
5295.05
5260.76
5270.47
5269.26
5264.13
5273.73
5259.59
5278.74
5287.01
5269.05
5276.16
5260.82
5285.07
5282.36
5287.33
5289.5
5238.81
5230.6
5253.66
5254.4
5247.09
5220.61
5224.26
5250.95
5227.67
5228.31
5236.18
5237.98
5228.67
5219.87
5235.04
5228.29
5228.11
5249.7
5242.82
5233.95
5250.97
5244.94
5235.86
5222.4
5243.91
5242.6
5252.88
5251.92
5226.81
5250.01
5217.69
5217.38
5219.45
5232.27
5220.32
5228.26
5243.13
5219.79
5238.36
5244.95
5247.23
5235.65
5243.23
5241.51
5235.72
5239.51
5253.1
5248.17
5239.66
5227.64
5223.52
5244.39
5231.82
5227.91
5223.24
5226.75
5240.81
5244.94
5221.87
5222.25
5229.82
5246.83
5224.09
5240.4
5220.07
5248.58
5251.51
5253.58
5249.74
5227.48
5243.21
5241.34
5239.64
5230.55
5219.8
5251.45
5236.1
5215.64
5244.92
5233.07
5250.9
5216.13
5230.19
5221.29
5219.04
5241.61
5222.15
5251.38
5234.51
5222.02
5215.22
5249.42
5233.7
5229.21
5248.47
5240.22
5234.2
5223.71
5244.02
5228.6
5242.31
5248
5239.75
5224.65
5232.74
5250.75
5215.06
5222.85
5214.99
5245.95
5225
5238.86
5231.94
5222.89
5218.39
5236.96
5249.94
5237.69
5247.3
5226.38
5248.22
5213.59
5244.23
5236.05
5216.1
5232.45
5220.68
5230.25
5223.48
5217.99
5201.01
5190.04
5189.07
5180.34
5182.43
5180.5
5181.04
5191.54
5203.2
5186.82
5196.94
5176.58
5173.77
5194.6
5174.94
5198.18
5173.22
5183.79
5210.62
5190.95
5200.44
5197.1
5188.2
5177.78
5179.72
5195.77
5188.97
5195.3
5186.28
5181.23
5206.47
5182.93
5189.32
5175.59
5195.33
5206.5
5205.26
5205.02
5194
5173.9
5183.12
5198.26
5193.81
5189.14
5199.76
5175.96
5207.91
5208.79
5192.18
5198.72
5173.61
5176.69
5179.63
5185.22
5171.82
5182.59
5199.17
5193.74
5199.13
5192.03
5177.46
5204.66
5194.63
5208.25
5207.78
5189.05
5195.36
5196.04
5198.44
5204.93
5203.21
5179.84
5209.32
5175.59
5185.23
5180.6
5200.46
5187.84
5180.83
5207.06
5202.95
5182.44
5199.82
5169.39
5177.17
5169.82
5173.21
5191.38
5173.26
5176.96
5179.76
5187.01
5201.1
5191.44
5206.85
5197.13
5177.66
5176.73
5189.1
5178.75
5200.67
5172.61
5192.14
5172.6
5178.69
5201.12
5191.35
5181.96
5178.13
5191.64
5188.71
5177.99
5185.24
5187.08
5179.16
5181.79
5181.25
5188.59
5203.63
5195.56
5168.69
5176.84
5199.69
5188.97
5181.59
5168.82
5186.38
5192.89
5202.7
5205.56
5158.29
5163.92
5142.79
5150.49
5146.14
5148.3
5160.28
5144.68
5140.22
5139.95
5159.34
5160.05
5125.55
5151.88
5156.33
5132.05
5150.79
5160.66
5125.43
5131.09
5143.83
5156.65
5126.74
5126.86
5132.21
5148.14
5150.83
5142.47
5142.49
5145.2
5140.21
5157.03
5141.83
5160.81
5139
5133.42
5160.17
5163.2
5143.6
5124.62
5159.82
5149.33
5130.18
5150.12
5152.23
5160.91
5131.99
5147.99
5164.38
5161.8
5125.21
5142.84
5146.72
5156.68
5127.7
5135.94
5125.51
5152.41
5143.23
5148.9
5145.24
5145.55
5163.75
5152.73
5128.39
5137.48
5144.96
5146.36
5154.11
5151.58
5133.17
5151.68
5157.42
5163.7
5130.15
5151.59
5141.4
5132.91
5132.9
5151.02
5147.44
5142.94
5138.06
5136.27
5139.62
5155.42
5130.22
5150.02
5144.04
5161.71
5123.58
5162.67
5129.59
5147.09
5150.23
5130.62
5126.04
5146.99
5150.42
5127.24
5136.85
5150.35
5147.1
5132.09
5153.14
5153.38
5129.85
5161.57
5144.48
5149.04
5127.41
5157.8
5160.41
5151.13
5125.17
5143.8
5137.28
5127.96
5139.41
5148.7
5145.95
5153.05
5125.25
5125.37
5132.86
5153.97
5138.16
5134.56
5154.13
5132.86
5097.07
5098.95
5102.96
5101.33
5103.26
5078.44
5096.63
5096.61
5111.72
5105.15
5110.06
5075
5075.99
5096.37
5113.43
5106.8
5099.04
5082.94
5085.12
5099.81
5094.46
5097.28
5108.15
5104.42
5076.04
5082.85
5109.02
5104.86
5073.58
5108.92
5073.28
5096.04
5102.26
5111.85
5093.64
5086.23
5100.91
5107.8
5096.18
5099.21
5093.17
5073.4
5102.24
5102.57
5096.1
5100.1
5109.54
5095.43
5112.05
5086.67
5098.88
5076.09
5072.08
5078.8
5079.4
5091.56
5091.98
5096.89
5075.67
5073.75
5091.49
5107.91
5095.4
5088.29
5076.92
5081.98
5082.62
5104.09
5092.43
5082.06
5104.54
5091.38
5102.61
5110.29
5074.33
5077.11
5096.55
5092.09
5082.99
5080.23
5081.03
5108.03
5103.42
5092.63
5089.38
5089.05
5071.02
5081.52
5093.18
5105.96
5081.3
5086.99
5105.77
5110.81
5089.16
5088.59
5095.6
5103.77
5076.58
5095.28
5097.31
5096.46
5078.39
5098.07
5110.02
5089.48
5089.42
5099.93
5092.12
5072.55
5104.27
5092.86
5097.68
5087.79
5088.93
5089.55
5071.8
5095.8
5095.89
5102.83
5094.36
5072.95
5070.44
5075.05
5099.51
5092.38
5086.87
5105.29
5072.68
5101.66
5050.38
5030.62
5062.76
5054.79
5043.91
5036.57
5035.64
5062.03
5038.33
5040.47
5044.4
5066.57
5034.85
5030.14
5033.38
5038.79
5066.56
5067.28
5048.48
5030.56
5067.51
5065.28
5027.75
5042.08
5052.09
5040.35
5052.62
5063.78
5042.62
5048.92
5033.51
5055.54
5058.65
5064.41
5062.79
5032.92
5052.54
5040.5
5038.22
5060.66
5040.83
5042.19
5060.23
5045.74
5066.62
5036.81
5050.2
5039.29
5053.66
5034.01
5047.44
5033.15
5052.26
5048.1
5060.51
5026.88
5051.46
5065.55
5049.24
5054.64
5041.78
5046.66
5063.66
5055.08
5047.37
5053.4
5034.92
5033.48
5051.22
5050.7
5026.83
5051.09
5060.1
5062.64
5049.49
5056.87
5028.68
5065.5
5060.69
5062.6
5061.87
5045.96
5037.1
5027.3
5043.03
5033.21
5025.39
5024.9
5039.36
5048.6
5046.57
5026
5062.79
5048.13
5065.06
5043.44
5057.23
5055.54
5045.98
5047.25
5047.11
5044.54
5027.91
5054.75
5048.16
5028.8
5024.4
5057.81
5052.76
5051.5
5025.72
5043.08
5036.74
5033.08
5024.8
5058.66
5054.52
5044.64
5061.1
5051.35
5060.41
5031
5061.3
5041.66
5024.28
5051.88
5038.1
5042.87
5043.89
5058.49
5008.91
4986.44
5006.46
5008.24
5008.3
5006.41
4996.06
4983.14
5001.69
4991.69
5000.76
4988.24
4990.74
5008.6
5018.55
4982.13
5020.57
5009.02
5004.33
5010
5014.9
4990.71
4997.85
4998.61
5013.22
5013.99
4990.67
4992.56
5003.61
4975.63
4976.48
5001.83
4969.17
4937.83
4939.86
4930.74
4947.73
4962.33
4938.48
4956.32
4934.22
4910.97
4925.93
4905.4
4900.11
4845.04
4808.14
4818.77
4799.63
4820.71
4798.77
4801.76
4792.91
4818.39
4785.57
4782.73
4798.53
4812.26
4814.35
4784.73
4819.65
4788.6
4787.63
4808.47
4747.95
4781.25
4750.76
4735.49
4746
4725.6
4748.33
4733.95
4743.78
4751.65
4742.3
4724.38
4717.77
4710.73
4743.27
4701.46
4727.92
4709.1
4731.35
4698.02
4706.11
4716.84
4698.69
4679.35
4682.08
4679.94
4675.4
4653.09
4669.88
4686.12
4669.67
4662.68
4654.5
4656.87
4642.93
4663.72
4663.72
4668.62
4663.86
4651.71
4643.58
4646.33
4634.74
4627.19
4620.41
4603.35
4610.36
4604.48
4606.34
4588.44
4582.84
4572.66
4583.01
4569.65
4587.67
4578.5
4581.23
4595.65
4592.77
4567.53
4570.89
4562.31
4588.73
4570.97
4561.48
4565.94
4507.99
4502.6
4541.17
4524.73
4526.36
4517.34
4507.76
4528.43
4516.38
4523.96
4537.1
4510.35
4512.3
4514.08
4517.14
4511.82
4522.54
4539.77
4537.95
4528.63
4538.62
4520.71
4518.7
4542.12
4535.04
4516.49
4522.71
4542.63
4520.03
4506.85
4526.38
4511.32
4537.42
4502.35
4503.74
4505.33
4520.28
4529.75
4531.38
4521.98
4519.87
4514.18
4506.32
4510.3
4522.1
4513.8
4528.11
4500.86
4517.44
4503.23
4527.04
4521.26
4529.58
4539.35
4523.11
4517.28
4537.45
4521.28
4517.54
4530.37
4522.69
4535.39
4514.5
4512.27
4541.12
4503.01
4537.04
4534.16
4501.3
4514.53
4525.82
4529.03
4502.86
4525.98
4503.55
4513.63
4502.45
4521.9
4534.18
4524.01
4511.61
4525.44
4504.24
4527.37
4507.31
4510.19
4506.72
4538.01
4538.36
4537.51
4519.33
4519.48
4513.74
4529.69
4512.84
4507.62
4527.54
4530.89
4538.85
4518.2
4522.76
4514.71
4523.9
4505.75
4513.29
4539.66
4502.69
4512.17
4501.12
4508.91
4503.69
4525.26
4503.54
4529.86
4511.56
4517.34
4505.93
4533.83
4512.52
4530.63
4531.15
4506.97
4508.87
4509.86
4529.54
4520.64
4503.37
4518.25
4524.96
4533.01
4489.92
4474.79
4482.32
4482.87
4466.96
4475.13
4493.67
4468.21
4470.77
4460.17
4492.41
4490.8
4492.4
4472.94
4481.98
4494.16
4493.75
4468.38
4481.57
4460.23
4496.46
4455.82
4469.26
4486.74
4466.53
4480.25
4488.1
4480.19
4488.08
4470.2
4468.26
4482.05
4488.88
4458.2
4460.04
4457.48
4474.21
4490.63
4480.15
4484.38
4464.43
4478.75
4466
4486.61
4477.77
4481.65
4471.83
4462.05
4461.12
4474.83
4455.99
4458.15
4463.81
4455.61
4470.18
4485.63
4471.43
4464.34
4483.07
4476.94
4474.12
4462.18
4492.04
4461.99
4458.89
4458.02
4464.6
4492.07
4475.26
4455.79
4477.12
4460.35
4483.36
4481.64
4465.71
4483.69
4481.75
4476.01
4463.64
4481.99
4478.93
4473.5
4479.66
4463.82
4469.87
4480.69
4465.95
4478.89
4483.63
4488.56
4471.71
4488.73
4455.19
4484.35
4491.82
4473.94
4487.81
4474.52
4472.65
4479.42
4475.64
4485.21
4466.05
4468.71
4468.22
4477.46
4463.13
4480.12
4461.72
4471.07
4480.44
4469.33
4464.56
4479.81
4460.19
4487.24
4483.2
4481.83
4472.04
4478.69
4486.88
4456.15
4472.26
4486.85
4467.85
4489.09
4481.32
4467.19
4485.89
4464.12
4422.38
4430.13
4416
4433.18
4437.11
4424.43
4429.91
4426.93
4438.19
4442.41
4426.3
4425.98
4414.86
4448.49
4446.75
4448.45
4431.49
4418.59
4436.67
4414.72
4445.31
4439.58
4449.93
4446.59
4418.28
4427.92
4430.53
4431.69
4436.07
4411.53
4447.62
4441.99
4419.13
4428.63
4424.14
4427.09
4424.05
4438.52
4415.6
4437.35
4413.92
4448.52
4444.54
4420.23
4420.46
4421.73
4440.76
4435.83
4422.27
4413.45
4444.48
4415.74
4416.33
4417.82
4437.56
4429.07
4417.27
4431.91
4445.28
4443.02
4429.48
4417.51
4412.4
4427.37
4445.85
4443.09
4446.16
4433.33
4414.78
4422.62
4415.93
4446.78
4438.15
4425.85
4417.76
4419.74
4422.3
4417.23
4415.86
4410.77
4445.63
4411.62
4419.07
4444.75
4430.51
4431.45
4438.47
4439.88
4425.83
4413.77
4407.2
4437.29
4445.05
4435.99
4419.1
4418.49
4426.6
4413.99
4439.61
4427.62
4416.37
4434.66
4424.02
4420.78
4441.75
4426.02
4413.82
4440.2
4441.32
4406.99
4435.12
4434.68
4444.23
4415.43
4406.36
4410.9
4410.55
4444.26
4433.39
4414.93
4413.24
4426.68
4422.02
4424.21
4429.32
4405.46
4421.48
4430.18
4419.76
4443.18
4376.03
4375.74
4396.46
4387.92
4392.35
4375.31
4397.89
4398.55
4392.98
4364.05
4371.23
4363.31
4369.54
4379.23
4384.25
4390.82
4363.81
4378.44
4399.8
4402.21
4393.63
4381.43
4377.08
4366.25
4397.82
4365.84
4366.06
4375.02
4377.99
4387
4393.63
4379.36
4384.41
4396.55
4385.33
4376.58
4392.61
4386.3
4388.27
4389.4
4368.76
4377.3
4378.52
4368.87
4400.28
4402.24
4366.12
4389.87
4366.53
4390.55
4398.34
4363.83
4389.56
4374.24
4389.52
4401.28
4388.6
4381.74
4390.47
4393.1
4388.23
4373.23
4391.31
4398.94
4379.88
4384.93
4367.32
4367.34
4365.52
4394.93
4372.63
4385.88
4393.05
4397.6
4381
4383.76
4377.15
4391.49
4370.92
4396.34
4395.1
4369.41
4371.79
4385.46
4386.72
4363.53
4371.98
4360.73
4367.8
4364.95
4397.73
4386.18
4382.36
4392.59
4394.54
4386.97
4382.97
4398.47
4372.35
4366.55
4396.81
4367.61
4369.32
4377.71
4389.49
4375.3
4376.68
4372.91
4391.96
4379.08
4386.44
4367.77
4379.9
4380.02
4374.97
4397.77
4382.52
4387.69
4375.4
4385.27
4380.38
4365.18
4366.81
4387.82
4384.6
4377.65
4387.88
4392.06
4390.29
4361.74
4357.72
4327.66
4351.62
4343
4329.47
4349.9
4348.83
4345.75
4342.13
4324.11
4342.12
4329.81
4351.47
4345.16
4352.4
4317.63
4331.08
4325.35
4317.83
4336.15
4325.42
4356.16
4319.37
4351.75
4331.79
4321.49
4355.49
4326.31
4351.74
4346.88
4321.04
4341.38
4316.33
4344.34
4318.75
4335.73
4326.37
4328.49
4323.16
4316.44
4352.57
4328.83
4329.36
4342.2
4331.38
4323.54
4342.24
4320.09
4322.9
4318.27
4334.27
4326.81
4322.78
4346.11
4317.77
4354.44
4328.51
4331.88
4339.85
4326.92
4318
4351.06
4326.75
4336.98
4317.02
4331.57
4322.04
4349.11
4329.81
4351.93
4352.27
4315.9
4329.7
4319.4
4331.57
4350.95
4325.01
4349.14
4351.24
4330.35
4315.32
4329.13
4337.51
4331.31
4317
4345.91
4347.31
4320.67
4335.99
4326.22
4347.22
4349.11
4349.58
4330.16
4322.92
4336.88
4350.91
4331.12
4324.99
4353.83
4346.29
4320.67
4332.29
4318.94
4328.81
4352.47
4332.36
4337.97
4326.03
4314.46
4336.31
4313.06
4345.46
4323.71
4343.29
4323.84
4331.39
4349.8
4325.29
4332.19
4334.6
4331.84
4320.9
4347.33
4346.95
4319.83
4328.55
4326.72
4316.93
4342.11
4308.13
4280.32
4268.35
4272.57
4306.14
4295.57
4276.48
4269.65
4291.11
4299.55
4290.85
4290.59
4298.63
4279.98
4291.27
4281.73
4288.15
4284.55
4278.96
4284.33
4294.22
4296.24
4286.33
4281.62
4273.79
4304.58
4299.41
4291.96
4288.12
4289.11
4267.42
4297.55
4267.07
4295.78
4271.66
4273.93
4281.19
4296.51
4271.23
4303.78
4296.85
4287.19
4288.63
4282.44
4272.08
4287.03
4297.13
4291.94
4300.15
4294.6
4277.05
4279.81
4284.94
4270.63
4301.75
4274.2
4294.13
4280
4287.24
4270.9
4298.77
4300.67
4284.13
4280.83
4281.28
4289.63
4271.79
4269.58
4266.59
4265.77
4297.13
4284.62
4296.79
4303.19
4296.37
4274.99
4293.66
4287.13
4280.61
4268.82
4296.27
4283.86
4303.22
4280.86
4272
4302.24
4304.13
4290.7
4286.99
4271.34
4275.79
4300.86
4287.4
4285.63
4269.4
4288.64
4297.85
4291.31
4268.25
4282.24
4298.37
4297.05
4264.27
4281.39
4276.79
4282.26
4293.63
4285.76
4269.32
4269.71
4277.33
4275.54
4268.39
4275.67
4291.7
4267.99
4271.54
4277.43
4301.31
4275.63
4280.16
4296.15
4294.7
4287.66
4292.39
4299.53
4300.35
4263.48
4284.18
4298.43
4251.89
4237.58
4234.88
4231.24
4239.44
4234.78
4224.68
4253.46
4257.18
4247.77
4255.36
4259.8
4242.37
4242.75
4248.6
4253.57
4256.39
4237.06
4237.06
4246.48
4245.48
4254.83
4220.63
4243.58
4250.75
4258.44
4252.22
4241.17
4247.58
4231.35
4241.38
4244.45
4237.81
4227.27
4229.09
4219.97
4227.13
4252.36
4241.83
4219.72
4222.7
4238.82
4251.71
4222.52
4221.32
4247.33
4245.44
4254.5
4219.02
4221.35
4246.18
4224.01
4223.13
4245.2
4237.85
4252.22
4226.26
4238.58
4252.07
4257.36
4223.05
4248.66
4246.6
4234.5
4241.16
4244.44
4246.19
4234.16
4233.92
4252.9
4233.85
4249.86
4256.79
4226.23
4254.85
4239.77
4221.74
4234.88
4248.1
4223.7
4242.46
4227.75
4257.75
4247.24
4246.34
4228.67
4248.7
4250.77
4225.49
4240.71
4243.74
4247.76
4253.87
4247.59
4227.69
4244.95
4233.04
4241.84
4252.36
4250.42
4232.62
4217.09
4247.39
4233.63
4217.23
4226.87
4219.16
4238.11
4227.5
4251.04
4247.47
4251.42
4244.5
4219.23
4220.54
4224.86
4223.31
4222.12
4232.86
4255.53
4217.21
4244.73
4225.81
4240
4240.92
4226.53
4218.61
4240.01
4251.36
4237.89
4194.73
4193.6
4192.18
4194.12
4202.21
4196.72
4199.33
4184.54
4212.98
4209.57
4197.43
4190.85
4188.75
4200.67
4212.5
4182.9
4183.75
4176.78
4208.9
4187.72
4176.12
4182.74
4181.36
4199.59
4185.09
4176.41
4175.01
4194.31
4194.69
4181.9
4197.82
4173.31
4177.82
4200.4
4200.51
4194.31
4194.13
4202.74
4182.29
4209.83
4183.02
4180.75
4181.32
4212.64
4207.66
4173.93
4207.41
4198.02
4184.61
4206.95
4200.98
4177.37
4201.17
4198.02
4173.71
4199.83
4201.59
4205.8
4207.21
4197.74
4178.94
4178.11
4199.21
4179.98
4211.21
4177.11
4196.86
4180.93
4173.43
4209.67
4198.73
4193.64
4209.26
4174.49
4210.78
4190.21
4188.69
4211.84
4179.73
4195.41
4209.48
4210.26
4195.99
4205.85
4181.33
4208.39
4207.87
4175.47
4180.43
4178.16
4205.43
4205.71
4205.51
4172.39
4185.22
4194.01
4177.19
4187.61
4176.9
4207.38
4171.52
4193.19
4198.72
4201.59
4203.7
4178.11
4190.19
4195.29
4180.31
4205.49
4208.42
4170.91
4197.61
4185.12
4194.36
4171.46
4187.83
4171.58
4195.47
4177.03
4191.92
4178.69
4200.57
4177.59
4173.87
4183.14
4176.93
4191.49
4185.81
4175.99
4152.38
4144.54
4130.32
4145.47
4130.86
4154.66
4132.64
4157.93
4158.05
4156.86
4153.41
4131.18
4144.84
4148.84
4145.24
4142.16
4139.38
4133.23
4153.2
4134.58
4165.11
4166.3
4146.86
4168.15
4142.65
4154.48
4166.85
4129.3
4134.3
4164.95
4162.84
4164.44
4138.83
4163.7
4133.78
4139.19
4151.2
4139.41
4128.11
4165.74
4166.91
4143.23
4157.86
4127.05
4127.65
4151.21
4136.36
4148.73
4162.18
4143.46
4152.63
4145.47
4138.32
4161.8
4164.51
4151.4
4165.56
4143.58
4139.5
4166.3
4130.03
4148.71
4165.52
4147.82
4146.08
4150.26
4152.6
4145.52
4150.8
4162.65
4156.72
4141.72
4134.2
4160.39
4140.64
4159.21
4163.76
4156.24
4163.04
4141.9
4164.13
4131.83
4150.6
4139.72
4155.28
4158.7
4162.18
4165.75
4162.07
4165.2
4142.55
4165.09
4127.54
4165.18
4150.96
4156.43
4149.73
4153.33
4131.23
4161.95
4165.06
4132.36
4157.3
4137.42
4134.48
4133.06
4130.04
4153.78
4135.98
4152.99
4165.01
4132.48
4158.92
4149.45
4129.03
4150.18
4142.42
4151.41
4152.66
4149.73
4138.02
4149.41
4131.9
4148.77
4131.87
4138.42
4140.74
4157.79
4123.88
4139.38
4110.48
4094.84
4103.63
4093.67
4118.69
4105.48
4093.04
4088.85
4087.09
4084.27
4099.04
4120.4
4117.93
4109.49
4109.78
4097.05
4110.25
4115.44
4103.92
4091.63
4088.62
4083.36
4087.02
4094.99
4111.34
4093.85
4085.37
4089.9
4119.42
4092.8
4096.56
4096.26
4106.06
4084.48
4084.03
4114.28
4118.27
4120.95
4097.73
4104.69
4102.57
4090.23
4109.74
4086.43
4093.33
4116.44
4089.24
4087.74
4086.49
4098.64
4112.24
4093.3
4088.58
4117.8
4090.47
4084.3
4081.35
4119.56
4118.18
4097.55
4082.88
4084.83
4089.65
4105.07
4118.02
4111.38
4086.34
4114.96
4092.99
4101.94
4101.51
4086.23
4099.14
4097.29
4096.01
4105.29
4106.7
4101.09
4087.99
4114.9
4109.37
4119.17
4107.6
4087.59
4101.55
4111.23
4108.94
4096.09
4111.68
4084.79
4098.23
4108.24
4090.33
4118.45
4088.33
4099.44
4085.39
4085.19
4087.61
4087.43
4095.93
4101.46
4112.64
4119.2
4095.92
4114.94
4114.64
4116.48
4090.61
4100.76
4088.32
4080.11
4106.44
4093.17
4116.24
4081.13
4081.45
4086.14
4087.31
4107.75
4106.47
4103.86
4103.06
4117.73
4111.33
4115.42
4109.38
4106.52
4084.15
4083.14
4055.28
4066.21
4071.75
4038.28
4042.32
4074.47
4058.31
4054.58
4058.78
4054.06
4054.33
4073.49
4043.57
4069.82
4071.27
4067.5
4062.74
4065.09
4046.09
4071.24
4046.92
4059.22
4066.99
4039.33
4041.94
4070.7
4049.32
4054.42
4044.04
4064.23
4073.49
4051.36
4060.59
4050.65
4040.41
4042.28
4066.32
4068.66
4058.76
4042.72
4043.67
4051.33
4051.77
4054.14
4046.2
4060.84
4065.36
4042.44
4037.4
4059.92
4068.76
4068.06
4063.05
4059.94
4043.87
4071.54
4070.37
4042.94
4073.62
4072.41
4064.43
4068.45
4039.19
4050.64
4037.8
4061.21
4072.19
4036.99
4035.2
4049.07
4061.22
4074.14
4036.41
4059.49
4055.52
4066.93
4058.75
4054.28
4039.59
4063.07
4051.63
4050.8
4070.52
4061
4036.72
4064.08
4063.66
4065.62
4064.81
4072.24
4064.47
4034.8
4058.5
4035.17
4056.55
4060.97
4061.21
4055.64
4047.48
4059.81
4034.59
4043.79
4037.76
4071.29
4045.33
4073.37
4034.62
4034.92
4061.41
4058.78
4071.34
4046.95
4070.79
4036.22
4068.57
4056.06
4041.34
4054.7
4069.96
4064.26
4059.02
4072.54
4046.52
4044.88
4047.64
4066.78
4062.4
4040.24
4047.57
4035.72
4009.8
3997.59
3974.45
3966.24
3955.62
3911.71
3874.03
3860.23
3879.34
3860.29
3849.8
3829.68
3800.87
3798.37
3768.16
3734.85
3733.24
3717.57
3713.27
3690.1
3715.34
3687.6
3703.43
3707.75
3694.34
3675.04
3685.14
3680.01
3678.53
3672.9
3700.68
3661.6
3647.23
3642.68
3640.85
3623.41
3622.77
3580.78
3606.04
3573.48
3546.28
3522.52
3519.77
3536.71
3547.31
3520.22
3496.5
3493.08
3515.92
3503.22
3501.66
3502.27
3497.93
3467.95
3475.77
3466.83
3479.91
3462.96
3426.15
3419.13
3410.9
3437.72
3395.83
3390.84
3371.98
3366
3362.1
3362.92
3375.59
3370.29
3355.42
3310.61
3316.01
3325.73
3328.18
3336.69
3324.51
3288.13
3298.84
3326.78
3308.62
3268.54
3281
3267.52
3270.71
3266.31
3262.27
3251.97
3242.87
3225.81
3225.69
3214.91
3205.12
3214.22
3211.59
3197.62
3197.63
3175.67
3161.66
3116.32
3100.16
3097.97
3076.24
3066.857
3085.96
3071.605
3051.592
3064.77
3057.07
3057.781
3033.291
3053.576
3041.886
3013.803
3018.371
3004.907
2989.294
2991.133
2966.914
2979.477
2964.26
2937.764
2937.079
2944.314
2913.11
2909.613
2850.684
2833.766
2838.387
2825.368
2760.711
2759.506
2773.767
2779.805
2770.27
2774.895
2778.66
2769.711
2754.637
2774.251
2760.542
2761.479
2753.145
2761.226
2773.811
2761.895
2748.711
2768.906
2779.055
2744.006
2759.437
2778.99
2747.742
2751.837
2781.348
2763.841
2750.059
2782.646
2776.422
2757.907
2750.664
2746.595
2782.275
2744.292
2745.603
2747.342
2765.402
2768.982
2781.656
2753.549
2776.725
2770.171
2747.545
2764.236
2749.018
2775.955
2772.146
2773.235
2747.869
2756.718
2746.322
2758.134
2746.55
2758.158
2781.476
2754.959
2763.135
2769.611
2772.634
2754.201
2744.302
2769.316
2774.144
2771.135
2765.723
2770.069
2764.76
2751.641
2781.523
2768.741
2764.084
2751.163
2745.844
2778.521
2778.751
2750.154
2749.206
2780.225
2753.921
2751.271
2752.852
2758.722
2775.774
2745.8
2757.642
2758.527
2768.335
2763.694
2777.824
2761.24
2744.083
2746.114
2778.815
2748.506
2741.61
2761.087
2781.272
2763.044
2770.283
2745.15
2759.155
2750.426
2749.571
2759.713
2777.919
2765.869
2760.323
2760.655
2763.365
2748.633
2757.22
2753.432
2742.684
2778.543
2752.209
2757.571
2743.767
2747.421
2776.267
2761.048
2761.509
2764.61
2778.061
2774.965
2755.928
2741.69
2763.67
2769.812
2745.329
2757.598
2715.195
2731.491
2725.717
2735.945
2720.212
2714.826
2725.666
2709.61
2718.04
2724.952
2727.504
2700.084
2724.883
2720.692
2735.69
2699.471
2716.597
2735.899
2708.107
2727.803
2708.627
2711.904
2702.743
2719.697
2720.751
2707.863
2704.938
2715.668
2715.438
2713.323
2724.911
2718.356
2710.379
2729.915
2728.68
2716.984
2708
2697.113
2701.898
2717.417
2729.568
2721.972
2712.4
2719.402
2707.972
2716.456
2724.599
2717.426
2722.54
2730.215
2714.173
2696.269
2732.554
2721.493
2730.949
2703.471
2728.066
2721.595
2715.412
2701.766
2706.608
2695.934
2695.649
2708.706
2715.456
2735.701
2728.124
2725.803
2721.248
2707.652
2713.645
2713.024
2732.67
2735.291
2699.816
2704.096
2706.518
2711.428
2711.381
2695.68
2720.879
2711.251
2706.347
2697.159
2698.11
2695.349
2722.721
2696.599
2720.153
2725.307
2722.8
2717.388
2694.589
2699.315
2698.607
2719.433
2714.901
2717.904
2733.665
2726.275
2714.297
2716.389
2723.532
2729.648
2705.153
2693.982
2733.675
2725.131
2723.612
2716.086
2700.929
2733.125
2728.187
2715.094
2695.172
2698.444
2697.246
2721.174
2716.104
2712.836
2725.877
2694.91
2715.69
2729.24
2727.388
2708.869
2725.049
2723.298
2699.837
2702.229
2649.346
2673.368
2666.7
2685.23
2685.745
2658.523
2673.954
2679.225
2682.815
2660.803
2666.756
2657.091
2655.151
2671.652
2658.242
2653.314
2657.203
2662.195
2683.846
2677.554
2688.757
2655.48
2683.074
2677.953
2665.673
2650.232
2662.77
2654.541
2686.256
2660.379
2676.908
2661.88
2678.261
2681.158
2647.931
2664.879
2653.462
2678.525
2669.082
2684.985
2681.967
2678.131
2653.954
2668.617
2652.956
2668.69
2676.481
2660.882
2679.638
2664.639
2679.784
2683.472
2648.501
2673.99
2647.685
2677.174
2680.263
2680.335
2664.953
2674.153
2655.204
2658.493
2683.14
2656.243
2673.483
2674.799
2684.413
2664.427
2685.686
2687.463
2662.495
2675.266
2670.505
2679.05
2664.821
2684.595
2665.815
2679.728
2662.659
2675.551
2682.38
2648.163
2664.813
2647.763
2656.133
2647.72
2669.273
2676.093
2681.757
2657.669
2671.698
2661.624
2680.189
2667.775
2671.456
2673.364
2655.558
2655.606
2678.446
2647.755
2662.664
2681.119
2674.522
2677.315
2680.433
2676.129
2656.105
2655.101
2652.973
2679.773
2651.105
2671.653
2647.86
2660.091
2649.818
2683.028
2655.517
2665.744
2679.158
2649.537
2655.033
2681.854
2652.565
2666.681
2684.678
2652.411
2671.118
2680.103
2684.167
2653.332
2624.722
2614.439
2619.515
2618.002
2637.896
2633.233
2601.367
2609.016
2607.986
2623.811
2609.478
2600.79
2635.295
2627.986
2619.164
2635.266
2641.215
2640.051
2608.681
2611.359
2632.505
2621.477
2619.705
2618.455
2637.208
2610.352
2620.467
2625.321
2627.468
2631.5
2622.24
2635.839
2604.583
2613.122
2640.819
2630.318
2630.01
2604.611
2607.868
2629.799
2614.103
2632.194
2600.344
2620.723
2633.934
2624.661
2603.555
2620.365
2610.045
2636.931
2629.609
2622.954
2629.445
2620.421
2602.815
2635.013
2606.746
2605.49
2627.716
2636.146
2628.3
2618.156
2624.497
2607.973
2629.098
2639.155
2607.23
2635.215
2639.526
2631.913
2600.46
2605.877
2617.81
2615.192
2628.868
2613.256
2610.802
2601.669
2629.974
2614.199
2610.495
2602.988
2624.262
2598.709
2613.987
2635.094
2599.461
2610.516
2630.81
2608.633
2619.018
2629.279
2613.916
2607.827
2600.059
2627.008
2610.387
2630.36
2610.685
2619.594
2638.094
2613.071
2614.159
2622.741
2636.457
2617.407
2636.012
2608.571
2636.979
2617.924
2601.029
2637.297
2632.752
2629.662
2623.566
2619.94
2611.707
2604.331
2628.774
2630.208
2597.565
2605.484
2634.644
2608.783
2629.514
2604.329
2625.156
2632.794
2609.809
2626.024
2577.368
2573.264
2593.426
2582.633
2565.889
2582.322
2577.405
2566.301
2565.477
2580.533
2556.848
2568.932
2574.463
2575.865
2567.539
2581.665
2561.132
2583.934
2555.042
2559.752
2571.091
2583.663
2582.58
2581.679
2562.184
2563.439
2568.078
2592.183
2570.815
2575.568
2590.473
2594.415
2583.782
2578.766
2588.559
2591.403
2591.573
2587.827
2572.015
2555.094
2565.702
2592.307
2588.717
2553.808
2556.334
2574.18
2571.612
2565.462
2569.011
2557.195
2590.74
2593.526
2556.698
2579.175
2591.541
2586.055
2554.095
2574.456
2564.683
2568.658
2581.601
2592.423
2571.04
2584.782
2558.422
2567.065
2568.33
2583.682
2555.856
2592.657
2573.923
2567.803
2578.852
2563.459
2576.616
2552.759
2591.447
2592.657
2579.263
2563.965
2553.106
2567.132
2561.5
2563.659
2569.364
2559.989
2552.544
2561.784
2572.996
2569.246
2559.563
2571.17
2588.728
2565.754
2559.714
2570.219
2581.396
2572.13
2590.39
2580.288
2555.537
2563.152
2582.002
2557.804
2578.943
2577.158
2577.099
2586.312
2555.951
2554.89
2574.608
2574.605
2553.548
2555.059
2560.789
2578.068
2575.012
2560.855
2583.161
2562.071
2573.506
2575.548
2553.509
2589.315
2558.035
2550.932
2562.904
2589.078
2572.995
2572.425
2508.644
2538.053
2534.444
2532.623
2547.482
2548.202
2537.162
2537.508
2516.391
2533.071
2509.482
2546.221
2509.872
2525.825
2540.457
2508.609
2547.748
2523.318
2526.474
2526.512
2525.753
2537.057
2517.378
2543.845
2518.763
2511.173
2524.548
2538.196
2547.769
2530.525
2515.083
2527.798
2541.851
2521.806
2528.292
2542.727
2514.863
2543.301
2510.304
2515.434
2522.114
2528.817
2532.532
2513.503
2511.669
2517.88
2535.566
2510.638
2512.809
2529.593
2530.612
2538.651
2547.081
2526.653
2509.215
2537.242
2541.264
2533.018
2531.276
2541.7
2510.9
2506.864
2526.301
2533.54
2537.612
2513.059
2518.365
2516.039
2524.306
2536.2
2516.552
2506.089
2519.999
2537.088
2537.176
2511.426
2540.032
2538.002
2533.789
2506.046
2532.826
2537.713
2508.008
2538.634
2513.781
2537.093
2532.875
2538.904
2524.613
2511.135
2532.494
2534.606
2505.563
2526.505
2528.109
2541.767
2530.071
2545.19
2539.18
2509.928
2520.825
2535.937
2519.861
2544.379
2528.999
2522.457
2506.89
2517.353
2510.331
2536.452
2543.916
2517.455
2533.051
2520.177
2511.662
2532.149
2514.373
2544.121
2522.038
2506.549
2529.968
2528.588
2522.2
2505.448
2528.304
2530.588
2534.803
2514.528
2512.922
2538.211
2484.06
2496.5
2479.535
2494.791
2485.785
2466.086
2482.096
2487.823
2477.266
2464.926
2473.381
2482.911
2486.311
2495.132
2501.884
2466.783
2469.786
2489.435
2481.606
2487.871
2475.521
2463.559
2474.818
2483.735
2468.985
2487.076
2484.45
2467.583
2496.858
2461.045
2498.324
2486.688
2470.996
2497.956
2481.577
2461.072
2466.702
2487.346
2478.116
2487.632
2483.14
2480.194
2479.338
2479.941
2497.935
2466.58
2479.635
2460.347
2461.17
2473.202
2490.367
2485.037
2485.23
2496.254
2490.039
2491.257
2488.615
2465.779
2474.879
2476.552
2483.125
2483.772
2499.802
2466.16
2478.502
2466.723
2466.293
2465.577
2497.684
2491.135
2489.168
2472.3
2486.848
2482.645
2493.677
2464.795
2499.202
2481.178
2499.46
2478.693
2487.021
2485.526
2491.988
2461.99
2494.097
2486.816
2491.662
2460.13
2466.071
2459.258
2484.368
2467.87
2484.674
2486.217
2477.065
2495.5
2489.271
2497.001
2488.845
2464.781
2494.517
2467.775
2480.906
2473.407
2487.897
2459.041
2480.097
2471.662
2486.915
2479.297
2479.761
2497.78
2465.583
2475.482
2494.778
2488.108
2485.092
2491.092
2481.385
2468.442
2465.832
2466.13
2463.621
2470.934
2493.73
2494.281
2477.004
2496.057
2466.097
2470.327
2439.706
2422.788
2452.801
2450.143
2439.106
2438.728
2421.856
2444.225
2416.46
2448.056
2449.619
2444.355
2438.435
2423.223
2454.516
2452.925
2444.871
2436.258
2443.431
2417.627
2417.854
2444.725
2450.924
2420.245
2424.039
2454.247
2443.534
2434.586
2439.623
2451.715
2435.59
2440.99
2416.021
2428.544
2418.159
2422.86
2415.423
2418.088
2447.353
2450.433
2435.307
2432.326
2430.925
2434.298
2433.709
2437.105
2443.422
2420.633
2447.694
2454.828
2433.971
2436.616
2437.32
2434.218
2417.049
2446.289
2443.023
2445.371
2454.352
2417.822
2429.703
2415.363
2438.171
2419.878
2416.23
2442.838
2425.065
2447.144
2434.679
2415.165
2440.012
2432.307
2419.901
2438.043
2413.444
2448.137
2417.493
2435.547
2419.482
2417.51
2420.004
2445.391
2448.984
2426.066
2424.975
2428.477
2436.134
2447.556
2423.838
2426.245
2435.037
2417.521
2423.578
2431.476
2415.011
2432.061
2448.803
2420.82
2430.388
2434.313
2427.065
2413.165
2442.55
2422.873
2441.617
2425.849
2432.455
2450.626
2429.968
2425.948
2421.392
2420.806
2422.097
2429.527
2450.401
2414.099
2411.887
2444.819
2434.896
2444.7
2412.773
2451.967
2449.787
2414.704
2448.763
2443.992
2444.87
2417.653
2421.365
2432.45
2378.933
2405.865
2373.932
2384.304
2372.938
2379.146
2397.104
2375.754
2407.842
2392.84
2389.715
2388.03
2387.694
2376.008
2393.331
2370.271
2390.862
2378.873
2385.649
2396.49
2385.325
2374.176
2390.628
2371.045
2376.484
2408.854
2388.025
2397.129
2383.061
2406.05
2398.612
2408.823
2371.042
2371.441
2395.464
2371.457
2378.007
2405.505
2381.792
2373.141
2388.376
2402.002
2386.75
2395.482
2385.16
2392.422
2401.3
2375.164
2384.272
2393.229
2398.702
2375.653
2398.134
2371.151
2400.846
2371.907
2407.777
2381.982
2390.529
2396.522
2395.384
2376.266
2380.278
2399.259
2373.541
2406.213
2373.977
2386.752
2389.628
2377.11
2375.827
2397.511
2367.482
2371.386
2374.496
2392.725
2377.511
2390.407
2384.611
2374.438
2388.363
2372.432
2382.962
2368.75
2379.953
2386.248
2373.606
2400.255
2374.943
2380.732
2369.823
2402.72
2377.938
2379.928
2380.607
2386.191
2373.03
2379.528
2391.685
2404.395
2386.095
2404.154
2398.042
2405.617
2376.434
2370.492
2404.242
2381.032
2403.72
2388.916
2395.871
2383.644
2375.198
2397.469
2403.126
2396.982
2396.603
2369.212
2387.442
2373.944
2373.754
2403.653
2401.973
2383.662
2370.642
2391.506
2396.371
2369.981
2369.231
2371.84
2327.123
2355.524
2338.028
2325.745
2351.951
2342.604
2333.685
2336.593
2335.334
2332.602
2350.167
2325.775
2327.146
2338.917
2335.897
2328.908
2346.159
2349.927
2348.641
2358.902
2330.213
2340.484
2362.335
2357.209
2346.578
2345.179
2341.638
2324.771
2332.459
2338.638
2336.272
2348
2360.02
2325.179
2359.541
2333.151
2358.352
2324.138
2360.957
2359.536
2325.829
2360.257
2360.919
2343.252
2325.638
2351.498
2322.478
2329.861
2344.537
2330.993
2349.024
2325.548
2322.636
2333.612
2332.443
2323.364
2360.336
2330.814
2347.966
2333.021
2346.385
2327.9
2346.682
2322.098
2328.393
2360.105
2325.687
2335.266
2345.147
2333.597
2321.971
2355.164
2342.267
2328.326
2355.485
2338.861
2331.663
2349.974
2352.773
2352.693
2323.613
2353.013
2357.409
2352.456
2358.139
2337.182
2327.908
2349.822
2332.008
2345.832
2351.981
2343.492
2350.948
2336.899
2330.953
2346.667
2340.904
2332.349
2355.77
2341.081
2347.402
2339.097
2357.921
2331.681
2348.347
2344.344
2335.549
2339.451
2333.383
2340.464
2359.109
2320.643
2359.407
2352.013
2358.782
2344.894
2319.757
2350.94
2351.997
2355.664
2338.25
2348.553
2357.643
2327.98
2346.875
2327.07
2339.199
2351.501
2324.815
2329.019
2278.193
2313.243
2316.92
2277.902
2305.737
2303.8
2277.109
2311.793
2297.418
2282.215
2301.645
2296.015
2301.135
2286.361
2306.168
2307.626
2314.214
2279.62
2288.922
2315.228
2278.573
2300.554
2278.174
2303.359
2290.383
2309.235
2304.618
2304.203
2295.544
2314.396
2303.129
2282.703
2289.537
2297.864
2283.015
2279.299
2280.932
2281.061
2288.456
2277.365
2284.515
2314.285
2276.005
2302.46
2284.469
2288.105
2299.707
2305.892
2309.288
2308.191
2293.887
2310.004
2291.867
2297.961
2300.945
2307.667
2301.267
2288.686
2302.723
2285.869
2276.104
2280.979
2283.986
2284.062
2286.039
2281.728
2295.522
2309.492
2313.902
2301.489
2283.845
2281.741
2297.605
2287.998
2309.667
2305.746
2311.318
2277.526
2291.259
2309.37
2280.399
2275.727
2301.424
2304.512
2310.48
2276.863
2310.763
2311.225
2311.518
2297.532
2279.054
2305.557
2285.861
2308.861
2276.516
2288.364
2302.377
2295.24
2297.693
2274.877
2299.272
2280.108
2278.803
2308.047
2277.084
2281.357
2276.228
2285.348
2297.11
2281.665
2279.71
2297.264
2313.523
2308.115
2288.214
2305.624
2302.559
2307.944
2287.886
2295.527
2300.931
2280.557
2278.827
2297.929
2303.444
2302.356
2294.952
2283.382
2283.982
2296.313
2249.379
2244.885
2236.681
2248.557
2245.404
2264.677
2261.256
2241.122
2232.98
2266.095
2237.442
2242.393
2255.721
2243.137
2249.613
2246.119
2233.019
2241.608
2253.557
2235.599
2246.8
2238.935
2245.082
2266.393
2262.253
2251.382
2241.062
2249.383
2250.595
2252.969
2234.936
2267.309
2230.445
2258.652
2229.659
2259.309
2235.823
2254.017
2265.818
2265.216
2234.947
2254.101
2266.877
2268.153
2248.693
2243.442
2243.394
2250.726
2236.436
2253.291
2240.003
2264.867
2248.566
2240.768
2255.739
2266.847
2239.963
2252.34
2253.676
2241.115
2245.579
2255.381
2240.716
2242.28
2250.857
2240.804
2239.407
2259.19
2255.829
2267.8
2242.046
2243.841
2236.699
2258.3
2242.601
2250.013
2245.69
2247.433
2265.101
2246.467
2243.369
2256.22
2244.358
2237.261
2240.089
2234.256
2267.151
2264.784
2228.454
2253.218
2253.839
2260.849
2260.837
2245.055
2232.519
2236.172
2257.02
2259.898
2251.389
2261.2
2251.28
2252.512
2267.42
2262.731
2247.848
2250.429
2229.194
2227.696
2247.443
2257.25
2247.88
2245.987
2254.363
2245.24
2230.82
2231.485
2267.085
2234.4
2251.615
2257.187
2248.995
2239.732
2250.524
2265.601
2256.775
2246.016
2262.652
2227.309
2261.78
2253.948
2206.404
2200.02
2192.514
2191.915
2216.004
2223.332
2215.954
2195.787
2222.938
2200.609
2212.954
2208.377
2212.137
2203.25
2194.758
2207.641
2222.453
2182.112
2213.473
2188.635
2198.075
2214.561
2221.76
2206.742
2201.37
2216.733
2205.462
2202.94
2211.181
2195.389
2220.301
2181.367
2220.932
2212.52
2210.432
2188.698
2207.172
2199.547
2197.393
2185.473
2215.433
2219.544
2206.655
2205.903
2184.171
2198.602
2194.695
2203.2
2200.626
2217.277
2209.537
2191.94
2201.72
2184.503
2212.121
2218.884
2185.034
2182.467
2188.318
2196.392
2211.331
2181.499
2204.988
2215.693
2199.616
2193.406
2207.057
2200.334
2217.608
2205.851
2211.015
2208.543
2206.08
2208.412
2193.943
2201.533
2191.668
2206.6
2193.656
2185.844
2214.178
2213.014
2217.296
2188.16
2197.69
2207.058
2198.942
2191.424
2200.221
2199.26
2182.083
2208.829
2192.716
2214.047
2214.849
2206.889
2184.461
2184.745
2208.775
2211.726
2200.709
2214.106
2180.647
2195.826
2185.573
2182.377
2181.405
2190.978
2216.642
2209.51
2203.108
2182.552
2192.549
2200.452
2201.949
2215.879
2212.809
2182.929
2202.712
2203.371
2195.403
2202.932
2178.569
2179.157
2212.573
2180.929
2205.461
2188.111
2183.211
2182.853
2172.291
2147.261
2143.367
2147.933
2169.907
2162.313
2175.322
2154.725
2175.63
2151.532
2151.073
2155.722
2144.84
2160.915
2155.13
2143.116
2153.031
2154.361
2137.705
2172.634
2136.081
2156.706
2136.328
2172.872
2153.398
2143.748
2145.256
2154.045
2168.473
2136.516
2151.092
2160.786
2155.267
2144.444
2153.835
2155.286
2149.801
2169.26
2155.264
2173.467
2161.619
2174.824
2150.768
2146.418
2169.992
2172.391
2166.38
2137.891
2169.158
2157.506
2155.241
2170.582
2156.309
2147.37
2144.093
2153.355
2135.59
2157.071
2144.597
2173.5
2162.45
2172.903
2157.251
2168.009
2165.76
2170.056
2168.21
2142.304
2141.688
2133.287
2157.471
2148.277
2148.274
2154.641
2142.429
2153.151
2145.041
2172.181
2141.333
2170.355
2135.106
2134.034
2173.17
2170.803
2151.908
2141.767
2156.636
2165.162
2135.885
2170.948
2135.419
2147.532
2138.014
2171.841
2169.665
2160.39
2139.272
2144.14
2138.952
2144.438
2154.021
2163.654
2149.306
2165.927
2138.846
2171.961
2140.686
2157.648
2158.409
2170.454
2145.401
2164.249
2146.801
2158.513
2142.765
2155.322
2168.831
2170.417
2154.84
2151.685
2136.456
2132.178
2143.619
2166.456
2131.928
2170.573
2157.364
2159.027
2158.084
2141.144
2106.219
2127.614
2092.208
2109.489
2119.469
2125.471
2094.244
2110.288
2103.711
2111.087
2115.193
2106.249
2122.338
2107.006
2115.278
2123.194
2113.912
2110.592
2117.404
2113.896
2111.716
2114.874
2115.107
2099.524
2098.851
2108.758
2097.1
2097.213
2089.269
2109.28
2093.07
2106.573
2124.248
2105.407
2105.387
2128.219
2129.139
2104.92
2097.685
2126.646
2092.802
2127.804
2096.864
2112.709
2125.065
2119.318
2088.623
2094.547
2118.292
2110.659
2109.098
2110.768
2108.352
2115.48
2128.503
2115.726
2122.765
2107.872
2107.087
2101.74
2097.8
2091.3
2109.717
2109.385
2110.542
2114.655
2123.501
2093.208
2087.177
2087.341
2122.327
2098.184
2100.258
2119.217
2121.304
2126.277
2090.006
2119.418
2103.709
2093.171
2088.251
2098.27
2117.245
2107.857
2093.195
2090.035
2114.355
2121.066
2092.066
2087.923
2110.304
2088.956
2116.141
2126.46
2108.473
2119.533
2115.282
2123.61
2096.819
2107.927
2089.488
2096.776
2118.96
2100.733
2096.214
2090.284
2102.229
2086.941
2086.691
2089.541
2089.429
2100.769
2104.007
2123.912
2112.823
2115.866
2105.561
2095.089
2121.194
2113.599
2120.254
2125.939
2121.773
2086.019
2089.763
2122.181
2120.556
2107.071
2097.034
2117.745
2054.246
2076.831
2073.526
2059.284
2084.093
2066.665
2063.382
2060.858
2056.497
2062.975
2067.371
2068.102
2052.935
2056.013
2071.433
2068.796
2051.727
2069.238
2083.908
2055.27
2047.318
2064.289
2069.995
2055.702
2061.526
2062.319
2072.368
2056.816
2047.041
2079.416
2082.199
2081.204
2064.235
2072.84
2078.498
2059.2
2048.449
2049.693
2047.436
2074.053
2080.615
2052.826
2076.514
2063.1
2070.131
2075.004
2062.792
2053.943
2054.555
2068.8
2044.593
2069.027
2065.452
2080.183
2056.478
2064.607
2078.862
2061.453
2045.6
2068.893
2058.204
2064.213
2055.253
2068.087
2075.188
2043.993
2076.428
2050.734
2068.879
2074.684
2063.314
2045.205
2058.353
2046.874
2073.009
2080.273
2065.674
2061.296
2049.531
2080.384
2081.327
2054.583
2068.337
2081.227
2058.815
2067.489
2075.386
2065.03
2046.882
2053.676
2045.763
2080.166
2045.559
2072.957
2061.893
2056.772
2063.261
2040.859
2078.68
2055.483
2052.159
2052.525
2076.525
2060.671
2040.913
2062.33
2066.794
2062.682
2050.444
2054.933
2074.779
2060.342
2057.079
2059.26
2077.315
2070.83
2050.293
2072.691
2077.466
2056.865
2055.959
2071.147
2053.583
2068.408
2059.023
2066.08
2059.722
2076.041
2047.54
2060.25
2032.788
2017.08
2026.734
2004.75
2038.156
2012.96
2029.097
2015.711
2004.218
2003.729
2018.986
2024.212
2013.433
2037.123
2033.06
2036.416
2012.436
2017.669
2008.44
2031.808
2014.512
2012.56
2013.904
2014.196
1999.129
2007.13
2025.371
2026.127
2002.403
2034.806
2013.284
2035.096
2030.275
2019.601
2011.367
2022.432
2017.33
2029.937
2017.87
2009.6
2026.418
2034.565
2021.566
2011.556
2004.939
2016.725
2019.241
2012.202
2006.426
2028.677
2003.801
2019.916
2022.89
2002.445
2004.134
2025.31
2020.175
2022.234
2026.915
2021.403
1996.415
2023.801
1995.604
2026.475
2032.463
2022.254
1998.978
2029.197
1995.335
2007.706
1999.095
2002.151
2032.522
2000.395
2007.209
2029.677
2019.246
2007.591
1996.901
2012.744
2033.263
2031.946
2016.643
2000.496
2029.441
1999.684
2018.051
2024.827
2027.794
2020.263
2003.258
2017.371
2024.223
2032.66
2018.635
1999.73
2021.639
2010.155
2005.598
1995.084
2005.271
1999.931
2028.225
2008.16
2032.832
2022.174
1997.985
2022.806
2012.934
1996.935
2032.292
2021.44
2018.949
2033.49
2007.191
2005.071
2003.69
2025.61
2015.588
2028.288
2013.87
2012.368
2010.205
2013.995
2031.013
2008.447
2014.531
2006.892
2032.867
1996.841
1979.466
1990.534
1966.287
1952.562
1990.689
1972.177
1972.457
1983.297
1980.751
1988.258
1980.195
1976.998
1959.156
1971.058
1968.133
1966.097
1968.467
1977.975
1965.561
1975.167
1977.111
1976.172
1988.633
1986.57
1959.201
1954.417
1979.719
1991.095
1969.193
1960.147
1984.945
1960.671
1977.503
1958.339
1985.68
1982.362
1960.101
1989.939
1981.319
1986.059
1968.313
1965.248
1958.507
1978.428
1950.488
1990.338
1984.407
1962.709
1966.465
1962.047
1982.376
1990.699
1988.656
1985.392
1975.518
1976.4
1976.387
1977.557
1961.401
1955.205
1986.831
1952.727
1971.683
1973.297
1967.04
1986.332
1956.681
1980.638
1966.598
1988.229
1957.194
1963.062
1962.492
1949.187
1975.613
1977.163
1964.833
1964.436
1962.827
1957.261
1971.249
1961.196
1968.474
1985.828
1972.923
1981.271
1971.902
1986.583
1966.488
1960.923
1985.874
1969.405
1987.766
1960.762
1979.973
1959.226
1964.543
1985.324
1968.437
1967.973
1965.611
1949.815
1966.795
1974.129
1950.22
1983.743
1964.643
1982.476
1984.677
1987.014
1957.593
1965.477
1987.141
1972.67
1972.995
1967.192
1965.989
1954.656
1981.634
1985.548
1984.853
1980.739
1955.802
1959.108
1980.812
1961.459
1981.229
1964.397
1979.804
1987.609
