0
0.0128
0.0838
0.0916
0.2176
0.2558
0.3154
0.3642
0.3846
0.3852
0.4238
0.4396
0.4748
0.5032
0.5304
0.531
0.544
0.55
0.5666
0.7558
0.8806
2.102
3.0374
3.1798
3.4108
3.4588
3.484
3.6268
3.9268
4.0254
4.1394
4.1938
4.2584
4.3598
4.36
4.4064
4.4466
4.4534
4.4538
4.6156
4.692
4.6958
4.696
4.6988
4.7112
4.7214
4.7286
4.7786
4.7914
4.8
4.9218
4.9578
4.9802
5.0894
5.19
5.1986
5.2364
5.2376
5.5574
5.607
5.6112
5.6234
5.6884
5.8478
5.8566
5.8714
5.8906
5.8996
5.9054
5.9806
4.9836
6.0018
6.1856
6.243
6.2894
6.2984
6.307
6.4736
6.4828
6.5
6.011
6.6134
6.6258
6.636
6.7872
6.7926
6.9742
7.08
7.1192
7.1418
7.2092
5.629
7.3634
7.3944
7.5232
7.5592
7.2064
7.7012
7.7054
7.7088
7.7108
7.9104
8.1252
8.165
7.7008
8.6992
8.7222
8.7236
8.7574
9.444
9.453
9.4564
9.4408
9.6966
10.0186
10.0194
10.3322
10.3834
10.4478
10.4658
10.8642
10.9658
11.1128
11.3466
11.6898
11.7816
11.9776
12.2814
12.4988
12.5166
300.0188
300.046
300.1186
300.1194
300.2352
300.2844
300.3334
300.3618
300.4048
300.425
300.493
300.4972
300.5276
300.5728
300.7792
301.3022
301.3666
301.4534
301.8692
301.9642
302.7586
302.7688
303.0582
303.079
303.107
303.1082
303.499
303.5204
303.5742
303.593
303.6024
304.451
305.1292
305.5692
305.6474
305.7502
305.8642
306.0082
306.1868
306.195
306.5722
306.7468
306.8156
306.8154
306.8296
306.8928
307.0746
307.0892
307.2298
307.7184
307.7388
307.7398
307.7426
307.9018
307.9748
308.1076
308.1648
308.1764
308.216
308.4022
308.4524
308.5102
308.6142
308.6296
308.6344
308.6504
308.674
308.6826
309.0262
309.0824
309.4228
309.5388
309.686
309.7504
309.766
309.7478
309.7816
310.0508
310.062
310.2848
310.3128
310.3262
310.3278
310.4832
310.4896
310.5552
310.7282
310.777
310.9398
310.942
311.2068
311.2192
311.4078
311.417
310.9368
311.44
311.4518
311.6794
311.7152
311.8316
310.0708
311.9512
311.9984
312.0712
312.1344
312.143
312.3756
312.5186
312.5336
312.6154
312.7354
312.7846
312.9516
313.0746
313.2206
313.2818
313.328
313.2914
314.2766
314.2844
314.3238
314.8514
314.9262
315.0854
315.125
315.2656
315.6204
315.6588
316.1922
316.22
600.0454
600.0804
600.1374
600.14
600.2562
600.3184
600.3574
600.4026
600.5234
601.269
601.7256
602.1676
602.647
602.851
603.541
604.0102
604.0692
604.263
604.7468
604.7888
605.1124
605.177
605.3118
605.3768
605.769
605.8084
605.967
606.1396
606.3206
606.3378
606.647
606.8054
606.9356
607.2046
607.3398
607.3836
607.4794
607.5254
607.8048
607.9142
607.9468
608.1994
608.403
608.4066
608.5794
609.0198
609.0274
609.1782
609.2744
609.339
609.3446
609.407
609.5756
609.5942
609.6534
609.6604
609.7068
610.0708
610.123
610.1454
610.6716
610.69
610.3174
610.6686
610.7752
611.111
611.1628
611.172
611.1846
611.19
611.3956
611.5548
611.6504
611.6874
611.7478
611.797
611.8532
611.8648
611.9726
611.98
611.7732
612.1794
612.1836
612.216
612.298
612.325
612.3484
612.4746
612.4812
612.5994
612.639
612.9496
613.2156
613.2312
613.2116
613.2922
613.3382
613.4224
613.562
613.583
613.6042
613.6686
613.9718
614.1512
614.549
614.6408
614.7134
614.7196
614.7632
614.8574
615.0294
615.059
615.138
615.4614
615.4902
615.561
615.554
615.8026
615.8188
615.8876
615.9294
616.9024
616.9064
617.024
617.2412
617.2412
617.2418
617.592
618.1408
618.1962
900.0668
900.1164
900.1594
900.16
900.2896
900.3382
900.3828
900.4214
900.4956
900.8996
900.9216
901.351
902.0974
902.504
902.6466
903.4942
903.7668
903.8402
904.0384
904.2916
904.395
904.5774
904.9302
904.9358
905.1746
905.3334
905.409
905.4592
905.5598
905.7824
905.8158
906.0516
906.102
906.5642
906.8932
907.1242
907.1736
907.2456
907.5092
907.8204
907.8354
907.8964
907.9904
908.0108
908.3922
908.6444
908.87
908.9516
909.0332
909.1388
909.3106
909.3608
909.3792
909.4044
909.4554
909.4866
909.6196
909.6572
909.6612
909.6936
909.8014
910.121
910.141
910.1548
910.3652
910.5858
910.6502
910.7998
910.8128
910.8294
911.0916
911.2134
911.2624
911.3028
911.6236
912.3034
912.624
912.7202
912.729
912.894
912.9562
912.992
913.3268
913.606
913.6744
914.1424
914.1538
914.3068
914.5994
914.6302
914.6406
914.781
914.993
915.0582
915.1596
915.1732
915.1792
915.6632
915.6782
915.8498
915.877
915.9888
916.0174
916.1548
916.1966
916.2
916.6478
916.6658
917.2866
917.5118
917.6742
917.8186
917.8592
918.0252
918.0324
918.0638
918.0936
918.1724
918.183
918.3324
918.3942
918.6762
918.6244
918.8354
918.8374
918.9706
919.0254
919.0478
919.2396
919.3416
1200.0838
1200.1464
1200.1738
1200.1794
1200.3044
1200.3528
1200.3972
1200.443
1200.5214
1200.9198
1200.9464
1201.3862
1202.1094
1202.5348
1202.7118
1203.6592
1203.8246
1203.8594
1204.0678
1204.3146
1204.412
1204.6036
1205.0038
1205.006
1205.1964
1205.3524
1205.4298
1205.484
1205.5928
1205.8344
1205.8346
1206.077
1206.129
1206.6004
1206.9194
1207.1484
1207.2692
1207.2748
1207.5316
1207.8636
1207.8644
1207.9232
1207.98
1208.0326
1208.412
1208.6606
1208.8902
1208.971
1209.0508
1209.1608
1209.341
1209.3634
1209.3896
1209.3918
1209.4538
1209.4838
1209.6436
1209.672
1209.6806
1209.7386
1209.8172
1210.1394
1210.1518
1210.1824
1210.3826
1210.6242
1210.6758
1210.8084
1210.8324
1210.847
1211.1094
1211.2352
1211.3274
1211.3524
1211.6118
1211.6764
1211.931
1212.4232
1212.726
1212.7646
1212.9864
1213.1116
1213.1752
1213.2896
1213.464
1213.9234
1213.9374
1214.0314
1214.084
1214.1832
1214.1962
1214.1988
1214.5382
1214.5394
1214.5532
1214.8254
1214.8262
1215.0268
1215.065
1215.1462
1215.1906
1215.3452
1215.487
1215.8296
1215.9954
1216.0924
1216.1246
1216.2402
1216.5332
1217.1104
1217.1122
1217.2928
1217.4712
1217.48
1217.4934
1217.6538
1217.66
1217.9226
1218.0438
1218.163
1218.273
1218.354
1218.3844
1218.4146
1218.5614
1218.6392
1218.833
1219.0436
1219.2366
1219.3468
1500.253
1500.3012
1500.6552
1500.8444
1500.8828
1500.9334
1501.0614
1501.1154
1501.136
1501.1518
1501.2112
1501.4056
1502.4112
1502.6306
1502.74
1503.6882
1503.8402
1503.8718
1504.0822
1504.3408
1504.4254
1504.6144
1505.022
1505.022
1505.21
1505.3662
1505.4444
1505.5004
1505.6092
1505.8624
1505.864
1506.0938
1506.1956
1506.613
1506.9298
1507.1634
1507.2906
1507.2914
1507.5502
1507.9026
1507.903
1507.9378
1507.9962
1508.047
1508.4294
1508.6984
1508.9092
1508.9918
1509.0648
1509.1768
1509.368
1509.3798
1509.4026
1509.4058
1509.4748
1509.5682
1509.695
1509.7014
1509.7096
1509.7316
1509.8326
1510.1678
1510.1734
1510.202
1510.4004
1510.6618
1510.7084
1510.8302
1510.846
1510.8632
1511.1258
1511.267
1511.2918
1511.3698
1511.633
1511.6928
1511.9504
1512.4438
1512.743
1512.8554
1512.9802
1513.0564
1513.189
1513.301
1513.481
1513.9402
1513.9538
1514.046
1514.0996
1514.1948
1514.213
1514.213
1514.5516
1514.5544
1514.5712
1514.8448
1514.848
1515.0448
1515.0902
1515.1638
1515.263
1515.3606
1515.5068
1515.8478
1516.0174
1516.1218
1516.162
1516.2518
1516.5942
1517.1378
1517.1384
1517.3044
1517.4834
1517.502
1517.505
1517.6956
1517.6974
1517.9204
1518.0196
1518.1416
1518.1686
1518.224
1518.275
1518.4238
1518.5758
1518.6632
1518.8748
1519.0692
1519.2532
1519.3668
1800.274
1800.309
1800.3586
1800.642
1800.713
1800.8856
1800.9992
1801.1006
1801.196
1801.2006
1801.2088
1801.4322
1802.4184
1802.6458
1802.7602
1803.7046
1803.862
1803.892
1804.1234
1804.4284
1804.5604
1804.6782
1805.0416
1805.0428
1805.2948
1805.381
1805.4574
1805.5184
1805.6552
1805.8838
1805.8864
1806.1394
1806.2162
1806.6384
1806.9606
1807.179
1807.3178
1807.321
1807.5676
1807.9982
1807.9992
1808.0156
1808.037
1808.0752
1808.4532
1808.7156
1808.9284
1809.009
1809.0892
1809.1922
1809.4302
1809.4336
1809.4406
1809.4414
1809.509
1809.583
1809.7308
1809.7378
1809.747
1809.76
1809.85
1810.2238
1810.2654
1810.2674
1810.4184
1810.6882
1810.7234
1810.8422
1810.8636
1810.8914
1811.2018
1811.285
1811.3206
1811.4142
1811.6524
1811.718
1811.9938
1812.462
1812.7592
1812.8708
1813.0196
1813.0788
1813.23
1813.3252
1813.5072
1813.9636
1813.9716
1814.065
1814.1232
1814.2108
1814.229
1814.229
1814.5686
1814.5714
1814.598
1814.8826
1814.888
1815.1032
1815.1236
1815.18
1815.2782
1815.378
1815.5244
1815.8884
1816.038
1816.1444
1816.1916
1816.2786
1816.6438
1817.162
1817.1626
1817.3476
1817.5258
1817.6008
1817.6404
1817.7206
1817.7292
1817.9818
1818.0378
1818.158
1818.2198
1818.2388
1818.304
1818.4256
1818.6174
1818.6862
1818.9298
1819.0816
1819.2836
1819.377
2100.2916
2100.3238
2100.379
2100.661
2100.7354
2100.9058
2101.0184
2101.1218
2101.215
2101.2358
2101.241
2101.443
2102.4704
2102.7098
2102.7842
2103.7278
2103.883
2103.9104
2104.1468
2104.4884
2104.5558
2104.7076
2105.2588
2105.282
2106.4698
2106.7412
2106.7734
2107.2776
2107.4332
2107.5348
2107.7578
2108.274
2108.871
2109.3042
2109.6486
2109.8472
2109.8788
2109.9292
2110.0168
2110.0638
2110.0888
2110.1088
2110.123
2110.1822
2110.2608
2110.33
2110.4608
2110.4694
2110.5118
2110.5168
2110.5248
2110.7618
2110.7808
2110.8966
2110.902
2111.098
2111.1054
2111.1992
2111.3486
2111.3878
2111.5388
2111.6736
2111.928
2112.3578
2112.7904
2113.0246
2113.1052
2113.1618
2113.179
2113.2356
2113.3664
2113.3924
2113.4334
2113.4584
2114.2218
2114.349
2114.4632
2114.5828
2115.0852
2115.1538
2115.199
2115.8908
2116.1296
2116.229
2116.2642
2116.3326
2116.4804
2116.5732
2116.622
2116.6748
2116.6798
2116.705
2116.598
2116.5966
2117.0784
2117.0914
2117.3122
2118.2264
2118.2582
2118.5568
2118.5726
2118.7946
2118.8362
2118.8452
2118.9144
2118.918
2118.9214
2118.9246
2118.925
2118.8822
2119.02
2119.046
2119.2568
2119.2836
2119.5218
2119.7556
2119.7606
2120.0416
2120.0786
2120.1724
2120.202
2120.2956
2120.2998
2120.5488
2120.5774
2120.6056
2120.6108
2120.6784
2120.8308
2120.8536
2400.3128
2400.3586
2400.3976
2400.685
2400.7564
2400.9338
2401.037
2401.1394
2401.241
2401.2594
2401.2618
2401.4754
2402.575
2402.7248
2402.973
2403.748
2403.9184
2403.9364
2404.1722
2404.5214
2404.5758
2404.72
2405.2502
2405.2596
2405.6658
2406.1694
2406.297
2406.4846
2406.678
2407.3672
2407.6192
2407.807
2408.4212
2408.5356
2408.88
2409.1994
2409.331
2409.858
2409.8852
2409.9664
2409.9706
2409.9722
2410.1232
2410.1236
2410.134
2410.2864
2410.4294
2410.461
2410.4678
2410.6094
2410.6642
2410.8138
2410.8666
2410.8712
2410.9624
2410.9764
2411.007
2411.1284
2411.196
2411.3058
2411.3854
2411.3976
2411.5756
2411.799
2412.1942
2412.8176
2412.8188
2412.8726
2412.8856
2413.0464
2413.0492
2413.096
2413.1814
2413.3214
2413.3316
2414.1348
2414.4964
2414.7946
2415.0866
2415.1912
2415.2394
2415.3252
2415.3564
2415.3616
2415.3628
2415.7662
2415.99
2416.08
2416.216
2416.221
2416.3748
2416.5188
2416.6604
2416.6848
2416.8514
2417.0766
2417.2772
2417.2772
2417.2826
2417.7594
2417.7632
2417.767
2417.8174
2417.9402
2418.1704
2418.3928
2418.4188
2418.5744
2418.5998
2418.8254
2418.8448
2419.041
2419.2064
2419.2404
2419.2894
2419.4626
2419.5736
2419.7024
2419.9318
2420.125
2420.3096
2420.5178
2420.6616
2421.2274
2421.541
2421.6512
2421.8282
2421.9552
2422.0224
2422.0736
2700.3368
2700.3756
2700.4122
2700.6994
2700.7672
2700.9456
2701.0558
2701.1624
2701.2526
2701.2832
2701.2834
2701.4986
2702.665
2702.817
2702.984
2703.7668
2703.9382
2703.9694
2704.194
2704.5574
2704.5912
2704.739
2705.2916
2705.2936
2705.6838
2706.2616
2706.3272
2706.4962
2706.693
2707.4176
2707.7212
2707.9232
2708.4506
2708.5512
2708.9748
2709.2128
2709.3642
2709.8732
2709.8984
2709.9944
2709.9968
2709.9988
2710.1474
2710.1662
2710.1694
2710.3042
2710.4056
2710.4656
2710.4852
2710.603
2710.6332
2710.8522
2710.9108
2710.9128
2710.96
2710.9784
2711.0198
2711.138
2711.2108
2711.328
2711.4028
2711.4142
2711.5912
2711.8126
2712.2136
2712.854
2712.8546
2712.8884
2712.9042
2713.0788
2713.0812
2713.171
2713.1966
2713.3486
2713.3664
2714.2086
2714.5202
2714.8126
2715.1052
2715.2106
2715.2452
2715.3652
2715.375
2715.4178
2715.4342
2715.8162
2716.0086
2716.1322
2716.2468
2716.248
2716.423
2716.5594
2716.6766
2716.715
2716.8694
2717.0868
2717.3702
2717.3752
2717.3788
2718.175
2718.417
2718.5482
2719.4274
2719.4496
2719.4884
2719.7692
2719.8694
2720.0078
2720.4938
2720.6866
2720.8516
2720.8566
2720.9276
2721.2068
2721.44
2721.5014
2721.6314
2721.9292
2722.0204
2722.0208
2722.1014
2722.2748
2722.3398
2722.379
2722.4014
2722.4154
2722.5728
2722.6424
2722.7404
2722.7426
3000.3582
3000.3936
3000.4376
3000.7216
3000.7854
3000.9648
3001.0858
3001.1858
3001.3022
3001.3342
3001.344
3001.5166
3002.7236
3002.8488
3003.0098
3003.7854
3003.9986
3004.023
3004.2244
3004.5694
3004.609
3004.7626
3005.3032
3005.3058
3005.6942
3006.2786
3006.3362
3006.5228
3006.719
3007.4318
3007.7364
3007.9442
3008.46
3008.5666
3008.999
3009.2508
3009.3776
3009.89
3009.9144
3010.0064
3010.017
3010.0182
3010.1678
3010.1744
3010.1854
3010.3356
3010.4196
3010.4796
3010.5002
3010.6384
3010.6534
3010.8666
3010.96
3010.963
3010.982
3011.0022
3011.0376
3011.1578
3011.234
3011.3436
3011.4174
3011.43
3011.6098
3011.8428
3012.228
3012.8624
3012.8662
3012.9022
3012.923
3013.0948
3013.1274
3013.1872
3013.2092
3013.362
3013.3824
3014.2264
3014.534
3014.8318
3015.1232
3015.2318
3015.2594
3015.4046
3015.415
3015.422
3015.4406
3015.8412
3016.0418
3016.2008
3016.303
3016.306
3016.4712
3016.5816
3016.6878
3016.7288
3016.8896
3017.0984
3017.3632
3017.3642
3017.3642
3018.0394
3018.395
3018.4436
3019.194
3019.226
3019.5296
3019.5584
3019.565
3019.7518
3019.8796
3020.3188
3020.3378
3020.36
3020.4418
3020.8638
3021.21
3021.2734
3021.295
3021.3472
3021.4554
3021.487
3021.4888
3021.6952
3021.8254
3021.8408
3022.1554
3022.2214
3022.5096
3022.5508
3022.7292
3022.7626
3300.3702
3300.4104
3300.4528
3300.7698
3300.8058
3301.0086
3301.123
3301.2012
3301.3198
3301.346
3301.3536
3301.9704
3302.8232
3302.8716
3303.0472
3303.8034
3304.0114
3304.041
3304.2626
3304.7164
3304.7238
3304.7786
3305.3234
3305.3354
3305.7174
3306.3048
3306.3556
3306.5548
3306.7372
3307.5032
3307.7764
3307.9616
3308.4786
3308.5824
3309.0304
3309.3584
3309.399
3309.941
3309.949
3310.042
3310.0476
3310.0488
3310.2028
3310.205
3310.2234
3310.3518
3310.4388
3310.4952
3310.5246
3310.66
3310.6878
3310.8818
3310.9746
3310.9932
3311.0064
3311.021
3311.0762
3311.185
3311.2494
3311.3614
3311.4336
3311.4482
3311.6512
3311.8798
3312.3314
3312.8798
3312.8842
3312.9262
3312.9412
3313.113
3313.128
3313.203
3313.2308
3313.38
3313.4064
3314.2422
3314.5534
3314.8538
3315.1488
3315.2556
3315.2768
3315.4236
3315.4436
3315.4518
3315.4634
3315.878
3316.062
3316.212
3316.3382
3316.343
3316.5234
3316.6226
3316.7198
3316.774
3316.9246
3317.1136
3317.55
3317.553
3317.5574
3318.0542
3318.4114
3318.4584
3319.2736
3319.2742
3319.5876
3319.5968
3319.6224
3319.7738
3319.8944
3320.411
3320.4132
3320.4158
3320.4556
3320.8774
3321.2236
3321.2802
3321.3214
3321.3634
3321.4856
3321.5276
3321.5426
3321.7242
3321.8398
3321.8762
3322.189
3322.2976
3322.5326
3322.567
3322.7508
3322.7996
3600.3884
3600.426
3600.4692
3600.7924
3600.8246
3601.0268
3601.14
3601.2192
3601.3382
3601.369
3601.3784
3601.978
3602.8954
3602.8972
3603.0876
3603.8228
3604.034
3604.064
3604.2828
3604.7176
3604.7408
3604.8574
3605.3768
3605.3774
3605.7454
3606.355
3606.38
3606.5738
3606.755
3607.6694
3607.8234
3607.9808
3608.5022
3608.6034
3609.0428
3609.3728
3609.4204
3609.9974
3610.0024
3610.0624
3610.0924
3610.0952
3610.2218
3610.2234
3610.2426
3610.3882
3610.4668
3610.526
3610.5508
3610.6756
3610.7036
3610.9194
3611.003
3611.0506
3611.058
3611.0776
3611.0988
3611.2054
3611.2682
3611.3888
3611.4522
3611.469
3611.6762
3611.8962
3612.4316
3612.9268
3612.9296
3612.9534
3612.9634
3613.1262
3613.143
3613.2208
3613.2538
3613.4186
3613.4466
3614.261
3614.5718
3614.8956
3615.1642
3615.2774
3615.2994
3615.447
3615.4532
3615.5478
3615.5718
3615.956
3616.0794
3616.2286
3616.3644
3616.3842
3616.5544
3616.6414
3616.737
3616.857
3616.9426
3617.1332
3617.5094
3617.5698
3617.5912
3618.074
3618.4392
3618.4778
3619.291
3619.2944
3619.7552
3620.1482
3620.4556
3620.4818
3621.524
3622.0986
3622.2986
3622.3196
3622.3224
3622.3366
3623.038
3623.171
3623.2626
3623.3356
3623.636
3623.7362
3623.7958
3624.0084
3624.1342
3624.4118
3624.767
3624.913
3625.1424
3625.252
3625.3536
3625.3744
3900.4036
3900.4396
3900.4834
3900.8156
3900.8432
3901.066
3901.1742
3901.2352
3901.353
3901.384
3901.3948
3901.9912
3902.9538
3902.9568
3903.1286
3903.855
3904.0484
3904.1194
3904.3106
3904.7304
3904.764
3904.8748
3905.3936
3905.394
3905.7608
3906.3704
3906.4132
3906.5898
3906.7718
3907.6818
3907.8432
3908.0624
3908.529
3908.6202
3909.0654
3909.3938
3909.4354
3910.0168
3910.0204
3910.0688
3910.0982
3910.1162
3910.3496
3910.353
3910.4468
3910.9368
3911.152
3911.5988
3911.6894
3912.127
3912.42
3912.571
3912.5804
3912.6886
3912.76
3912.8048
3912.8374
3912.968
3913.4128
3914.461
3914.6974
3914.7438
3914.756
3915.0536
3915.2864
3915.7828
3915.7986
3915.8062
3915.895
3916.4788
3916.5206
3916.5216
3916.6378
3916.6504
3916.708
3916.7748
3916.873
3917.001
3917.0122
3917.026
3917.3166
3917.4904
3917.5662
3917.6018
3917.6098
3917.641
3917.8442
3917.914
3917.9998
3918.066
3918.2198
3918.2174
3918.8188
3919.0668
3919.612
3919.8302
3919.8336
3919.8382
3920.249
3920.627
3920.6946
3920.7098
3921.1068
3921.169
3921.426
3921.9432
3921.9504
3922.9004
3922.9924
3923.1952
3923.2192
3923.2628
3923.6154
3923.8558
3923.8864
3923.894
3923.954
3924.2754
3924.6184
3924.7918
3924.8306
3925.7872
3926.5184
3926.8804
3927.3126
3927.6134
3927.7374
3928.04
3928.666
3928.8744
4200.422
4200.4674
4200.5028
4200.8248
4200.8594
4201.0848
4201.1914
4201.246
4201.8236
4201.8602
4201.9362
4202.026
4202.9726
4202.9742
4203.1662
4203.8964
4204.0718
4204.1372
4204.364
4204.7432
4204.7832
4204.887
4205.4122
4205.4132
4205.97
4206.3866
4206.4212
4206.6098
4206.7894
4207.6938
4207.8564
4208.1238
4208.5454
4208.638
4209.088
4209.4156
4209.4506
4210.074
4210.0856
4210.1082
4210.1214
4210.1324
4210.2838
4210.3774
4210.5746
4210.7244
4210.9048
4210.9426
4211.1748
4211.5738
4211.723
4211.9134
4211.9772
4212.0638
4212.126
4212.1334
4212.4248
4212.7572
4213.0194
4213.3348
4213.735
4213.984
4214.089
4214.169
4214.2162
4214.8738
4215.0518
4215.8092
4215.8322
4215.8464
4216.055
4216.224
4216.2472
4216.3144
4216.3192
4216.5756
4216.5834
4216.649
4216.78
4216.821
4216.8582
4216.9998
4217.0334
4217.0452
4217.1426
4217.3456
4217.3474
4217.514
4217.626
4217.659
4217.8884
4218.128
4218.4958
4218.5162
4218.6914
4219.1812
4219.5218
4219.8104
4219.933
4220.1628
4220.2978
4220.454
4220.645
4221.112
4221.2198
4221.7752
4221.7938
4222.4158
4222.5284
4222.662
4222.8704
4223.232
4223.24
4223.3264
4223.4114
4223.4808
4223.637
4224.059
4224.229
4224.3322
4224.4518
4224.5418
4225.3258
4226.216
4226.6854
4226.9266
4226.9628
4227.1716
4228.1668
4228.7506
4500.4474
4500.488
4500.526
4500.8484
4500.8788
4501.1044
4501.209
4501.278
4501.8042
4501.8478
4502.0334
4502.2274
4502.9986
4503.0104
4503.1836
4503.9074
4504.1466
4504.1548
4504.3688
4504.771
4504.8028
4504.9218
4505.4324
4505.437
4505.9914
4506.467
4506.469
4506.6286
4506.8078
4507.715
4507.9846
4508.1554
4508.5628
4508.6592
4509.1072
4509.4344
4509.479
4510.0934
4510.0982
4510.126
4510.1436
4510.1596
4510.3026
4510.4244
4510.7744
4510.7818
4510.925
4510.9572
4511.2414
4511.5924
4511.7528
4512.022
4512.1368
4512.908
4512.9306
4513.0596
4513.2524
4513.3044
4513.3834
4513.4518
4513.77
4514.0114
4514.1208
4514.2028
4514.2308
4514.891
4515.074
4515.8218
4515.8434
4515.8554
4516.0892
4516.4614
4516.516
4516.6628
4516.6906
4516.7324
4516.7428
4516.7476
4516.8126
4516.8334
4516.8728
4517.0146
4517.047
4517.0638
4517.1672
4517.3578
4517.3616
4517.5316
4517.6452
4517.6778
4517.914
4518.1612
4518.511
4518.532
4518.7088
4519.1988
4519.543
4519.8352
4519.9594
4520.1766
4520.314
4520.487
4520.714
4521.173
4521.2704
4521.803
4521.8276
4522.433
4522.5418
4522.684
4522.8876
4523.2492
4523.2546
4523.3468
4523.4244
4523.4948
4523.6532
4524.0734
4524.2482
4524.3496
4524.4702
4524.5566
4525.3478
4526.2378
4526.7134
4526.942
4526.996
4527.1862
4528.1884
4528.77
4800.4864
4800.5834
4800.6
4800.8642
4800.917
4801.1224
4801.2304
4801.2964
4801.8282
4801.856
4802.0602
4802.4086
4803.0124
4803.02
4803.1932
4803.945
4804.178
4804.2226
4804.3846
4804.8672
4804.868
4804.9382
4805.5832
4805.5942
4806.0054
4806.4902
4806.521
4806.654
4806.8352
4807.7318
4808.0052
4808.1726
4808.5778
4808.683
4809.1208
4809.4504
4809.5038
4810.1244
4810.1244
4810.1506
4810.1686
4810.1834
4810.3188
4810.573
4810.7894
4810.8004
4810.95
4810.9744
4811.2624
4811.6064
4811.7654
4812.0224
4812.135
4812.8542
4812.8652
4813.0142
4813.1694
4813.3272
4813.3746
4813.4524
4813.7892
4814.1382
4814.1418
4814.2186
4814.2482
4814.9154
4815.0924
4815.935
4815.9902
4815.9966
4816.1132
4816.4528
4816.499
4816.6836
4816.6992
4816.7208
4816.7904
4816.7986
4816.8246
4816.8502
4816.8898
4817.0382
4817.0608
4817.092
4817.193
4817.3766
4817.3822
4817.5502
4817.6708
4817.6974
4817.9394
4818.1792
4818.5338
4818.5516
4818.7286
4819.2636
4819.588
4819.855
4820.0142
4820.1986
4820.3392
4820.5056
4820.7556
4821.1922
4821.29
4821.8184
4821.8462
4822.452
4822.5738
4822.8274
4822.944
4823.279
4823.2824
4823.3758
4823.441
4823.5156
4823.6696
4824.0896
4824.2708
4824.3666
4824.4998
4824.58
4825.3658
4826.2566
4826.7288
4826.9626
4827.0172
4827.2026
4828.2052
4828.79
5100.5748
5100.6036
5100.6322
5100.8812
5100.9484
5101.1406
5101.2462
5101.3238
5101.8438
5101.8744
5102.0904
5102.5378
5103.037
5103.0432
5103.2208
5103.9714
5104.1852
5104.2388
5104.4018
5104.8852
5104.8852
5104.956
5105.606
5105.6152
5106.0216
5106.5716
5106.574
5106.6876
5106.85
5107.7532
5108.0224
5108.1976
5108.601
5108.7036
5109.1442
5109.4744
5109.5232
5110.15
5110.1556
5110.1836
5110.2032
5110.2098
5110.3418
5110.603
5110.8624
5110.863
5110.9728
5110.9984
5111.2908
5111.624
5111.7944
5112.144
5112.1508
5112.8746
5112.8882
5113.0248
5113.277
5113.479
5113.5614
5113.5748
5113.9898
5114.1528
5114.1588
5114.2358
5114.2724
5114.9834
5115.111
5115.9448
5116.0046
5116.0198
5116.1792
5116.538
5116.5386
5116.698
5116.7468
5116.7584
5116.7956
5116.8616
5116.8608
5116.8798
5116.9098
5117.0494
5117.0818
5117.108
5117.21
5117.3938
5117.4072
5117.567
5117.6904
5117.7196
5117.9742
5118.2988
5118.6468
5118.6658
5118.7488
5119.2968
5119.63
5119.8816
5120.039
5120.2422
5120.363
5120.5278
5120.769
5121.209
5121.3176
5121.8578
5121.8816
5122.5134
5122.5952
5122.8856
5122.9638
5123.3922
5123.6896
5123.8428
5123.844
5124.071
5124.1644
5124.2694
5124.5172
5124.5824
5124.7314
5124.751
5125.4216
5126.275
5126.7438
5127.005
5127.055
5127.329
5128.2214
5128.8066
5400.5968
5400.6256
5400.6536
5400.9014
5400.9704
5401.1626
5401.2744
5401.3452
5401.8854
5401.9208
5402.1478
5402.5726
5403.0462
5403.0602
5403.2434
5404.0008
5404.2034
5404.254
5404.4194
5404.9158
5404.9542
5404.9804
5405.6256
5405.6408
5406.0394
5406.6046
5406.6058
5406.7168
5406.8664
5407.7704
5408.2184
5408.2238
5408.6194
5408.7358
5409.1594
5409.4902
5409.5488
5410.1636
5410.1782
5410.202
5410.2202
5410.227
5410.3772
5410.614
5410.9276
5410.935
5410.9942
5411.0174
5411.3086
5411.6368
5411.812
5412.163
5412.1698
5412.9388
5412.9576
5413.0432
5413.2946
5413.4698
5413.5168
5413.5814
5414.0508
5414.1748
5414.1826
5414.254
5414.2876
5415.003
5415.136
5415.9636
5416.043
5416.0638
5416.2036
5416.6028
5416.6076
5416.7266
5416.7608
5416.7766
5416.812
5416.8688
5416.8774
5416.9158
5416.9274
5417.0702
5417.124
5417.127
5417.2258
5417.4408
5417.5024
5417.5866
5417.7086
5417.7374
5418.0266
5418.3318
5418.5968
5418.6138
5418.764
5419.3402
5419.652
5419.8962
5420.0658
5420.2606
5420.3784
5420.551
5420.8458
5421.2304
5421.328
5421.8914
5421.8994
5422.5366
5422.614
5422.923
5422.9828
5423.4978
5423.6742
5423.742
5423.8378
5424.093
5424.2406
5424.292
5424.4214
5424.6112
5424.7558
5424.7558
5425.4388
5426.2902
5426.759
5427.0294
5427.08
5427.3442
5428.2366
5428.8256
5700.6206
5700.656
5700.6872
5700.9398
5700.985
5701.1956
5701.3042
5701.3628
5701.906
5701.9348
5702.1788
5702.5854
5703.0694
5703.0908
5703.2708
5704.0142
5704.2192
5704.2804
5704.5824
5704.926
5704.962
5705.0024
5705.6438
5705.6578
5706.0534
5706.6296
5706.6308
5706.7302
5706.8834
5707.7942
5708.2372
5708.2524
5708.673
5708.7512
5709.1698
5709.5342
5709.5604
5710.1776
5710.199
5710.2112
5710.2386
5710.2434
5710.3906
5710.6512
5710.941
5710.9552
5711.0118
5711.0332
5711.3574
5711.6516
5711.845
5712.2278
5712.2314
5712.9558
5712.9814
5713.0548
5713.3166
5713.499
5713.529
5713.59
5714.135
5714.2412
5714.2444
5714.2742
5714.3108
5715.0146
5715.1586
5716.021
5716.0594
5716.0962
5716.272
5716.6954
5716.7028
5716.7676
5716.7736
5716.7938
5716.8254
5716.884
5716.8846
5716.9268
5716.9414
5717.1062
5717.1398
5717.1434
5717.2466
5717.4414
5717.5164
5717.6018
5717.7252
5717.7526
5718.0608
5718.3434
5718.609
5718.6242
5718.8402
5719.364
5719.6686
5719.9164
5720.1018
5720.2716
5720.4046
5720.5712
5720.8818
5721.2462
5721.3658
5721.9084
5721.9256
5722.558
5722.6318
5722.9528
5723.0084
5723.5156
5723.6888
5723.7732
5723.8964
5724.14
5724.259
5724.3096
5724.442
5724.6288
5724.8218
5724.8224
5725.5742
5726.3176
5726.7766
5727.0452
5727.0916
5727.3822
5728.2524
5728.8464
6000.6438
6000.7098
6000.7354
6000.957
6001.0076
6001.2224
6001.3188
6001.3866
6001.9414
6001.9562
6002.2368
6002.6506
6003.131
6003.1322
6003.2922
6004.0338
6004.2412
6004.2974
6004.602
6004.9438
6004.9792
6005.0146
6005.6598
6005.6786
6006.0674
6006.635
6006.6498
6006.7418
6006.9006
6007.8038
6008.2782
6008.28
6008.7012
6008.8408
6009.2798
6009.5726
6009.5758
6010.1946
6010.2246
6010.2264
6010.2588
6010.263
6010.598
6010.6744
6010.9856
6010.9862
6011.0308
6011.0504
6011.3714
6011.6668
6011.8596
6012.2522
6012.2534
6012.9686
6012.9968
6013.0816
6013.3434
6013.5302
6013.5448
6013.6052
6014.1564
6014.2424
6014.262
6014.2914
6014.3242
6015.0482
6015.1776
6016.1914
6016.3452
6016.5074
6016.8486
6017.1972
6017.3204
6017.677
6017.694
6018.247
6018.4222
6018.4288
6018.8018
6018.8324
6019.002
6019.1382
6019.4262
6019.547
6019.8528
6019.8578
6019.9504
6020.6688
6020.7408
6020.7446
6020.7866
6021.1712
6021.5136
6021.527
6021.8634
6021.8854
6022.4176
6022.5988
6022.6024
6022.7532
6022.807
6023.551
6023.6858
6023.9006
6024.2156
6024.5262
6024.555
6024.812
6024.8278
6024.9316
6024.9358
6025.0476
6025.338
6025.4698
6026.3146
6026.3378
6026.7462
6026.9488
6027.0678
6027.0702
6027.1094
6027.1576
6027.6404
6028.034
6028.5088
6029.511
6029.8912
6029.9034
6029.984
6030.6494
6300.6786
6300.6902
6300.7476
6300.9826
6301.0272
6301.245
6301.347
6301.4086
6302.0226
6302.0256
6302.26
6303.1804
6303.1994
6303.2042
6303.3318
6304.0544
6304.2554
6304.3182
6304.6368
6304.9584
6305.0066
6305.0354
6305.6798
6305.7012
6306.0834
6306.6576
6306.6662
6306.7656
6306.9274
6307.8186
6308.2946
6308.2988
6308.7206
6308.8666
6309.3206
6309.591
6309.5978
6310.3124
6310.3448
6310.4498
6310.5774
6310.6274
6310.636
6310.6848
6311.0144
6311.0168
6311.0656
6311.0778
6311.3952
6311.7468
6311.8956
6312.3456
6312.3492
6312.9956
6313.0182
6313.103
6313.3618
6313.5614
6313.5736
6313.6322
6314.1736
6314.2584
6314.2828
6314.3108
6314.3414
6315.0824
6315.191
6316.1682
6316.3292
6316.5374
6316.8146
6317.1196
6317.1282
6317.155
6317.2454
6317.5774
6317.987
6317.9962
6318.0492
6318.338
6318.4722
6318.6858
6318.7054
6319.118
6319.1924
6319.8718
6319.8828
6319.9298
6319.956
6320.5352
6320.7666
6320.7782
6320.847
6320.852
6320.8642
6321.5428
6321.7596
6321.845
6322.4396
6322.4908
6322.6306
6322.993
6323.3612
6323.3966
6323.8
6324.2322
6324.4072
6324.494
6324.5032
6324.583
6324.5836
6324.7442
6324.8558
6324.928
6326.2628
6326.2932
6326.35
6326.4892
6326.9292
6327.0434
6327.0862
6327.1002
6327.191
6327.4926
6328.2628
6329.2938
6329.4812
6329.704
6330.2086
6330.647
6600.6964
6600.7134
6600.7604
6600.996
6601.04
6601.2634
6601.3604
6601.4288
6602.144
6602.1502
6602.2924
6603.1848
6603.2122
6603.217
6603.3526
6604.0698
6604.2712
6604.334
6604.655
6604.9718
6605.0658
6605.0792
6605.6964
6605.7262
6606.1272
6606.734
6606.7376
6606.7822
6606.961
6607.8418
6608.3178
6608.319
6608.7396
6608.8848
6609.353
6609.605
6609.6148
6610.296
6610.3362
6610.3692
6610.5414
6610.6036
6610.653
6610.703
6611.037
6611.0388
6611.0912
6611.0956
6611.4508
6611.7644
6611.914
6612.3644
6612.3694
6613.0126
6613.0358
6613.1194
6613.3806
6613.5802
6613.5906
6613.6542
6614.1906
6614.2792
6614.2986
6614.3262
6614.3646
6615.0902
6615.2092
6616.394
6616.521
6616.7296
6617.182
6617.1898
6617.2058
6617.2168
6617.2612
6617.5934
6618.0212
6618.0242
6618.0694
6618.3702
6618.4996
6618.7036
6618.7262
6619.2138
6619.2174
6619.8882
6619.9022
6619.9542
6619.9742
6620.5536
6620.819
6620.8214
6620.8666
6620.8696
6620.8824
6621.563
6621.7772
6621.8622
6622.453
6622.4902
6622.6622
6623.0114
6623.3818
6623.4112
6623.8182
6624.2534
6624.4256
6624.5202
6624.525
6624.6032
6624.6062
6624.7772
6624.8736
6624.948
6626.2834
6626.3134
6626.3726
6626.5582
6626.9568
6627.0806
6627.11
6627.1258
6627.21
6627.5372
6628.3086
6629.3152
6629.5116
6629.7356
6630.222
6630.6714
6900.7286
6900.7422
6900.7904
6901.0376
6901.0602
6901.2976
6901.3756
6901.447
6902.16
6902.1636
6902.3394
6903.2128
6903.258
6903.2592
6903.371
6904.1034
6904.2974
6904.3584
6904.674
6905.0524
6905.0884
6905.105
6905.7128
6905.7452
6906.1456
6906.7584
6906.7638
6906.8004
6906.9792
6907.8856
6908.3374
6908.338
6908.7604
6908.9026
6909.3724
6909.6264
6909.6422
6910.3314
6910.3594
6910.3876
6910.559
6910.6182
6910.6774
6910.7348
6911.178
6911.1834
6911.2078
6911.2108
6911.5044
6911.8938
6912.011
6912.3882
6912.39
6913.0664
6913.1078
6913.1334
6913.4026
6913.6004
6913.6108
6913.6724
6914.2566
6914.3126
6914.3298
6914.4018
6914.4152
6915.1178
6915.2246
6916.408
6916.5178
6916.7956
6917.182
6917.1826
6917.2148
6917.24
6917.2954
6917.6604
6918.1658
6918.1932
6918.2422
6918.5814
6918.5888
6918.717
6918.7438
6919.3328
6919.3328
6919.953
6919.973
6919.989
6919.9962
6920.573
6920.8258
6920.852
6920.8922
6920.8954
6920.9282
6921.6028
6921.7956
6921.8822
6922.5604
6922.5622
6922.6788
6923.031
6923.454
6923.5058
6923.9184
6924.2766
6924.4598
6924.5404
6924.5422
6924.6246
6924.6258
6924.7942
6924.9042
6924.9676
6926.3066
6926.3318
6926.3946
6926.5642
6926.9732
6927.116
6927.1312
6927.1594
6927.2258
6927.5634
6928.3788
6929.3554
6929.533
6929.7564
6930.2398
6930.692
7200.7592
7200.7732
7200.8074
7201.0552
7201.084
7201.3458
7201.3946
7201.4636
7202.2216
7202.2252
7202.3888
7203.2244
7203.275
7203.28
7203.402
7204.1376
7204.3152
7204.373
7204.6868
7205.0688
7205.1116
7205.122
7205.7854
7205.786
7206.1638
7206.7766
7206.79
7206.8138
7206.9994
7207.9016
7208.3666
7208.377
7208.778
7208.9226
7209.3908
7209.6422
7209.6978
7210.354
7210.3808
7210.401
7210.5828
7210.6366
7210.6982
7210.7592
7211.184
7211.2018
7211.2212
7211.2402
7211.5276
7211.9
7212.0318
7212.4078
7212.409
7213.073
7213.1274
7213.161
7213.4216
7213.6194
7213.64
7213.6902
7214.2754
7214.3316
7214.35
7214.4018
7214.442
7215.136
7215.2434
7216.4446
7216.5552
7216.8164
7217.191
7217.1948
7217.2478
7217.2528
7217.3254
7217.6732
7218.1566
7218.2116
7218.2202
7218.5968
7218.6064
7218.7542
7218.8714
7219.3628
7219.3652
7219.9664
7219.9834
7220.0116
7220.014
7220.5914
7220.9148
7220.954
7220.9668
7220.9704
7220.9966
7221.6424
7221.8322
7221.8994
7222.5768
7222.5914
7222.6964
7223.0498
7223.488
7223.5228
7223.9374
7224.3322
7224.4762
7224.5862
7224.6074
7224.6502
7224.6588
7224.8126
7224.9426
7224.9956
7226.3238
7226.3586
7226.411
7226.5814
7226.9952
7227.1324
7227.1588
7227.1734
7227.2522
7227.5818
7228.3948
7229.3718
7229.563
7229.7748
7230.2588
7230.7244
7500.7842
7500.8098
7500.8288
7501.0924
7501.1058
7501.3732
7501.4142
7501.4806
7502.4072
7502.4182
7502.5714
7503.2458
7503.324
7503.3452
7503.416
7504.1576
7504.3408
7504.397
7504.7046
7505.0878
7505.1324
7505.1428
7505.8038
7505.8098
7506.1822
7506.798
7506.8242
7506.8426
7507.0178
7507.9174
7508.3758
7508.4002
7508.795
7508.9392
7509.425
7509.6704
7509.7252
7510.399
7510.4436
7510.479
7510.6042
7510.6536
7510.717
7510.7806
7511.2036
7511.2512
7511.253
7511.2596
7511.546
7511.9152
7512.0624
7512.445
7512.4474
7513.0896
7513.1572
7513.1768
7513.4752
7513.6432
7513.656
7513.7146
7514.2932
7514.3584
7514.3706
7514.4598
7514.4756
7515.155
7515.2776
7516.4568
7516.5728
7516.8408
7517.2198
7517.2198
7517.2656
7517.2766
7517.3406
7517.6916
7518.178
7518.2214
7518.2378
7518.618
7518.6786
7518.7584
7518.8866
7519.381
7519.3846
7520.1068
7520.125
7520.1672
7520.1696
7520.6354
7521.0186
7521.0454
7521.1138
7521.1188
7521.1206
7521.7168
7521.8468
7521.9256
7522.597
7522.619
7522.7142
7523.1756
7523.579
7523.5864
7523.9612
7524.364
7524.4934
7524.6118
7524.6398
7524.6758
7524.6868
7524.8334
7524.9652
7525.0116
7526.3378
7526.3732
7526.425
7526.599
7527.0134
7527.1564
7527.2008
7527.2106
7527.2644
7527.5958
7528.4094
7529.422
7529.583
7529.7924
7530.2794
7530.7366
7800.813
7800.8916
7800.905
7801.1078
7801.1168
7801.3916
7801.5514
7801.5654
7802.4602
7802.5652
7802.6512
7803.2616
7803.3282
7803.3618
7803.4338
7804.229
7804.3628
7804.4122
7804.721
7805.1036
7805.155
7805.1666
7805.8356
7805.8416
7806.2072
7806.8158
7806.8462
7806.8572
7807.036
7807.9364
7808.3916
7808.4154
7808.8092
7808.9538
7809.4268
7809.7424
7809.7448
7810.4442
7810.4522
7810.495
7810.6268
7810.6774
7810.7324
7810.7988
7811.2236
7811.2664
7811.2676
7811.2822
7811.566
7811.9628
7812.0776
7812.4596
7812.4626
7813.1078
7813.175
7813.1958
7813.5094
7813.659
7813.6792
7813.7298
7814.3096
7814.3756
7814.3956
7814.4604
7814.4964
7815.2178
7815.3038
7816.5442
7816.7064
7816.853
7817.2406
7817.2406
7817.2826
7817.3108
7817.3632
7817.7136
7818.1994
7818.2378
7818.2556
7818.6388
7818.6834
7818.7908
7818.9202
7819.4256
7819.4268
7820.5114
7820.5432
7820.6584
7820.8478
7820.8922
7821.0138
7821.0626
7821.1626
7821.2078
7821.2096
7821.7444
7821.8664
7822.2326
7822.6104
7822.636
7822.7344
7823.189
7823.5998
7823.5998
7823.9758
7824.3828
7824.5172
7824.6648
7824.666
7824.6978
7824.7148
7824.8784
7824.9834
7825.025
7826.375
7826.389
7826.447
7826.618
7827.033
7827.1722
7827.221
7827.2344
7827.2936
7827.6152
7828.4344
7829.425
7829.5984
7829.8138
7830.3052
7830.758
8100.8318
8100.896
8100.9282
8101.129
8101.14
8101.4116
8101.557
8101.5856
8102.4816
8102.5342
8102.6702
8103.2812
8103.3508
8103.3764
8103.454
8104.2412
8104.3878
8104.4384
8104.7374
8105.1208
8105.1782
8105.1916
8105.8484
8105.8764
8106.217
8106.837
8106.8652
8106.8762
8107.055
8107.9584
8108.4088
8108.4404
8108.8622
8108.9776
8109.541
8109.7576
8109.7692
8110.462
8110.4802
8110.5212
8110.755
8110.8246
8110.8568
8110.9148
8111.248
8111.2822
8111.2854
8111.3024
8111.5886
8111.9812
8112.099
8112.4804
8112.4852
8113.1238
8113.1952
8113.2178
8113.5272
8113.6882
8113.6998
8113.745
8114.3292
8114.3938
8114.4176
8114.4768
8114.5146
8115.2398
8115.3326
8116.5544
8116.6894
8116.8718
8117.2638
8117.2686
8117.4572
8117.459
8117.462
8117.7294
8118.2184
8118.2604
8118.275
8118.6974
8118.714
8118.8122
8118.9458
8119.439
8119.4512
8120.274
8120.3546
8120.6848
8120.8568
8120.8916
8121.035
8121.0876
8121.1644
8121.212
8121.225
8121.765
8121.8994
8122.246
8122.6238
8122.6604
8122.785
8123.2024
8123.6162
8123.62
8123.9922
8124.397
8124.5324
8124.7124
8124.7162
8124.749
8124.7558
8124.8888
8125.0182
8125.0464
8126.386
8126.4062
8126.4648
8126.6302
8127.0636
8127.1826
8127.243
8127.2552
8127.3272
8127.6354
8128.4484
8129.4402
8129.6166
8129.8296
8130.3228
8130.7994
8400.8502
8400.91
8400.9448
8401.167
8401.1754
8401.4244
8401.5814
8401.6168
8402.5036
8402.5512
8402.688
8403.3008
8403.3654
8403.3934
8403.4784
8404.2602
8404.406
8404.467
8404.7814
8405.1384
8405.1946
8405.2038
8405.8648
8405.894
8406.2762
8406.986
8407.0122
8407.0128
8407.0746
8407.9772
8408.4484
8408.4582
8408.8806
8408.9996
8409.5654
8409.8596
8409.8632
8410.4814
8410.5034
8410.5316
8410.7708
8410.8092
8410.8446
8410.9118
8411.2854
8411.3018
8411.303
8411.3274
8411.6742
8412.0012
8412.1344
8412.5518
8412.5524
8413.1378
8413.2128
8413.239
8413.5412
8413.7304
8413.734
8413.7616
8414.3524
8414.4134
8414.4396
8414.4952
8414.5398
8415.2556
8415.365
8416.5722
8416.7076
8416.9036
8417.3852
8417.3906
8417.3944
8417.4626
8417.481
8417.755
8418.236
8418.2806
8418.294
8418.7152
8418.7322
8418.8298
8418.9684
8419.5452
8419.5464
8420.3088
8420.385
8420.777
8420.874
8420.9064
8421.0534
8421.1058
8421.1816
8421.2334
8421.245
8421.8138
8421.9182
8422.373
8422.744
8422.7484
8422.7892
8423.2232
8423.634
8423.6394
8424.1406
8424.4922
8424.605
8424.7394
8424.74
8424.796
8424.7972
8424.906
8425.0812
8425.0908
8426.4026
8426.4258
8426.4818
8426.6614
8427.0782
8427.21
8427.2906
8427.293
8427.348
8427.6982
8428.4636
8429.4604
8429.6356
8429.8638
8430.609
8430.9728
8700.8782
8700.9344
8700.9686
8701.1944
8701.1962
8701.4446
8701.61
8701.6394
8702.5536
8702.644
8702.7258
8703.324
8703.3818
8703.4106
8703.4906
8704.2876
8704.422
8704.478
8704.7912
8705.1476
8705.2124
8705.222
8705.8844
8705.9082
8706.3372
8706.997
8707.0312
8707.036
8707.0856
8707.9888
8708.4746
8708.4772
8708.8922
8709.0136
8709.5806
8709.881
8709.8834
8710.49
8710.52
8710.5456
8710.786
8710.8208
8710.855
8710.9294
8711.3292
8711.3292
8711.3318
8711.3658
8711.6796
8712.014
8712.149
8712.586
8712.6146
8713.167
8713.2312
8713.2532
8713.5614
8713.7316
8713.7616
8713.775
8714.3688
8714.4244
8714.4548
8714.514
8714.55
8715.2678
8715.3808
8716.604
8716.7236
8716.9182
8717.4138
8717.4158
8717.4176
8717.481
8717.4962
8717.7642
8718.2556
8718.2922
8718.308
8718.731
8718.7488
8718.8428
8718.9844
8719.5642
8719.5678
8720.3424
8720.399
8720.7922
8720.8892
8720.9192
8721.09
8721.1254
8721.1992
8721.2524
8721.2604
8721.8274
8721.9348
8722.3852
8722.7788
8722.7806
8722.8044
8723.2422
8723.6554
8723.6566
8724.1576
8724.5256
8724.619
8724.7626
8724.7632
8724.8162
8724.8192
8724.931
8725.0976
8725.1062
8726.4202
8726.4514
8726.4996
8726.6882
8727.094
8727.224
8727.2986
8727.3388
8727.3614
8727.7318
8728.4802
8729.4812
8729.6704
8729.8754
8730.6262
8731.0364
9000.8954
9000.9502
9000.982
9001.2236
9001.2286
9001.4568
9001.6326
9001.6588
9002.5682
9002.658
9002.7496
9003.3386
9003.4014
9003.4222
9003.5002
9004.3004
9004.447
9004.4994
9004.8388
9005.161
9005.2452
9005.246
9005.9026
9005.9258
9006.3994
9007.0116
9007.0708
9007.1246
9007.202
9008.023
9008.496
9008.496
9008.9148
9009.0508
9009.599
9009.917
9009.92
9010.5188
9010.5414
9010.5638
9010.8068
9010.8404
9010.8734
9010.9484
9011.358
9011.3586
9011.3762
9011.4032
9011.7302
9012.0342
9012.163
9012.6122
9012.6262
9013.208
9013.2988
9013.3086
9013.5784
9013.7604
9013.7792
9013.8036
9014.3792
9014.4622
9014.4708
9014.5306
9014.5684
9015.2844
9015.4034
9016.6466
9016.7596
9016.9402
9017.426
9017.4438
9017.448
9017.4956
9017.5152
9017.785
9018.2782
9018.3116
9018.3214
9018.8006
9018.8092
9018.8836
9018.9984
9019.5818
9019.5836
9020.3662
9020.4198
9020.8104
9020.9044
9020.9356
9021.1084
9021.145
9021.2218
9021.2872
9021.292
9021.9078
9021.9554
9022.536
9022.8026
9022.8082
9022.8308
9023.3636
9023.6804
9023.684
9024.1748
9024.572
9024.657
9024.7802
9024.7808
9024.8572
9024.8608
9024.9572
9025.1226
9025.13
9026.4386
9026.4666
9026.521
9026.7016
9027.1112
9027.246
9027.3266
9027.3352
9027.5762
9028.3178
9028.5162
9029.6886
9029.6904
9029.9724
9030.6488
9031.0912
9300.9154
9300.9642
9301.0034
9301.2554
9301.259
9301.499
9301.6522
9301.6772
9302.6056
9302.68
9302.7666
9303.3594
9303.4192
9303.4418
9303.5204
9304.3218
9304.494
9304.5238
9304.9176
9305.194
9305.2916
9305.2936
9305.9216
9305.9508
9306.4734
9307.0318
9307.0842
9307.1276
9307.2222
9308.0584
9308.5248
9308.5278
9308.9324
9309.0844
9309.616
9309.9498
9309.9518
9310.5486
9310.5658
9310.5822
9310.9026
9310.9026
9310.9326
9311.0126
9311.5454
9311.546
9311.5496
9311.5532
9311.7456
9312.0508
9312.1814
9312.6648
9312.669
9313.2202
9313.2958
9313.3288
9313.5986
9313.8646
9313.9142
9313.9482
9314.3976
9314.4792
9314.4908
9314.5526
9314.6002
9315.3052
9315.4222
9316.6888
9316.7694
9316.9568
9317.4456
9317.528
9317.5328
9317.5842
9317.592
9317.8008
9318.2958
9318.327
9318.3398
9318.8604
9318.8708
9318.897
9319.0204
9319.599
9319.6086
9320.3838
9320.443
9320.8508
9320.9228
9320.9514
9321.1254
9321.1638
9321.2426
9321.3312
9321.3324
9321.933
9321.9732
9322.578
9322.8186
9322.846
9322.854
9323.3672
9323.7018
9323.714
9324.6106
9324.6136
9324.713
9324.8022
9324.8088
9324.8736
9324.8882
9324.981
9325.161
9325.1684
9326.4862
9326.488
9326.5404
9326.7198
9327.251
9327.271
9327.3712
9327.3766
9327.677
9328.3336
9328.5576
9329.749
9329.7564
9330.006
9330.775
9331.1078
9600.9362
9600.9948
9601.0156
9601.2902
9601.2902
9601.5184
9601.6704
9601.687
9602.6226
9602.7068
9602.7892
9603.3764
9603.4374
9603.4546
9603.54
9604.4098
9604.5128
9604.5434
9604.9364
9605.2666
9605.3246
9605.3332
9605.9648
9605.9758
9606.5142
9607.0514
9607.105
9607.1556
9607.2564
9608.0658
9608.5492
9608.551
9608.9526
9609.1192
9609.6356
9609.9712
9609.9724
9610.5658
9610.5816
9610.6206
9610.9234
9610.9264
9610.9564
9611.0308
9611.5314
9611.6118
9611.6124
9611.6162
9611.7676
9612.0684
9612.2026
9612.6898
9612.6922
9613.2482
9613.322
9613.3464
9613.7152
9613.9172
9613.9336
9613.949
9614.7754
9614.928
9614.9346
9615.017
9615.0848
9615.3668
9615.4492
9616.7302
9616.803
9616.9762
9617.462
9617.5182
9617.5414
9617.5878
9617.6166
9617.8276
9618.3172
9618.3586
9618.3678
9618.8726
9618.8916
9618.9244
9619.0404
9619.6252
9619.641
9620.4034
9620.4864
9620.8618
9620.9418
9620.9716
9621.162
9621.184
9621.259
9621.3542
9621.358
9621.961
9622.1728
9622.6494
9622.8392
9622.8692
9622.8728
9623.3904
9623.745
9623.7474
9624.6374
9624.6514
9624.724
9624.8192
9624.8424
9624.9798
9624.9944
9625.0256
9625.1898
9625.1922
9626.5038
9626.5142
9626.5642
9626.7638
9627.271
9627.2954
9627.4206
9627.4286
9627.6776
9628.3562
9628.5772
9629.7284
9629.7728
9630.025
9630.7916
9631.1444
9900.9594
9901.0132
9901.029
9901.3086
9901.325
9901.5564
9901.6906
9901.7034
9902.639
9902.7258
9902.8052
9903.3972
9903.4594
9903.4796
9903.5644
9904.422
9904.5256
9904.5642
9904.9614
9905.2722
9905.3406
9905.3546
9905.9814
9905.9894
9906.5338
9907.0684
9907.1264
9907.166
9907.2748
9908.0816
9908.5668
9908.5724
9908.9678
9909.1606
9909.6532
9909.9896
9909.995
9910.5798
9910.5968
9910.7904
9910.9472
9910.9484
9910.9704
9911.0466
9911.546
9911.5972
9911.618
9911.6498
9911.7846
9912.1734
9912.2766
9912.7142
9912.716
9913.2666
9913.349
9913.3636
9913.7292
9913.9482
9914.1344
9914.1356
9914.7272
9914.9388
9914.9774
9915.0366
9915.0842
9915.3826
9915.4718
9916.7486
9916.82
9917.011
9917.5128
9917.5322
9917.5634
9917.6006
9917.6404
9917.8412
9918.3276
9918.3764
9918.3806
9918.8842
9918.9122
9918.938
9919.0552
9919.6478
9919.657
9920.5028
9920.512
9920.8812
9920.9612
9921.0002
9921.1772
9921.2072
9921.278
9921.3756
9921.3794
9921.9878
9922.182
9922.669
9922.8668
9922.893
9922.9016
9923.5076
9923.7786
9923.7792
9924.6514
9924.6692
9924.7418
9924.8346
9924.8552
9925.086
9925.092
9925.1348
9925.4858
9925.5114
9926.5222
9926.5294
9926.5826
9926.7804
9927.3834
9927.3906
9927.4548
9927.506
9927.7312
9928.3758
9928.5924
9929.7448
9929.7936
9930.0444
9930.8074
9931.1706
10200.9802
10201.0326
10201.0522
10201.328
10201.3464
10201.5746
10201.748
10201.7944
10202.6744
10202.76
10202.9712
10203.5082
10203.518
10203.5192
10203.5888
10204.4494
10204.5556
10204.5996
10205.0768
10205.2904
10205.3686
10205.382
10206.0046
10206.024
10206.5564
10207.0836
10207.141
10207.1874
10207.2924
10208.1006
10208.5778
10208.5986
10208.9892
10209.1736
10209.6728
10210.0158
10210.017
10210.603
10210.6176
10210.8056
10210.9582
10210.968
10210.9924
10211.0644
10211.5624
10211.6124
10211.6418
10211.6564
10211.803
10212.2264
10212.3058
10212.7856
10212.788
10213.3116
10213.3764
10213.4118
10213.7622
10213.9636
10214.0918
10214.1234
10214.934
10214.9694
10214.995
10215.0598
10215.1818
10215.399
10215.4918
10216.7736
10216.8432
10217.0324
10217.5818
10217.5818
10217.5914
10217.6172
10217.6574
10217.8746
10218.3508
10218.3972
10218.402
10218.9026
10218.9342
10218.9598
10219.0844
10219.6642
10219.6752
10220.526
10220.5322
10220.8996
10220.9764
10221.0144
10221.1926
10221.2352
10221.3012
10221.4086
10221.4306
10222.0044
10222.2046
10222.6854
10222.8844
10222.9248
10222.9308
10223.5558
10223.806
10223.8098
10224.6862
10224.6996
10224.7606
10224.8558
10224.8706
10225.072
10225.0878
10225.1586
10225.5382
10225.5394
10226.5552
10226.582
10226.6076
10226.8016
10227.4132
10227.4158
10227.4756
10227.5244
10227.7502
10228.3948
10228.6108
10229.7594
10229.8168
10230.0634
10230.8252
10231.1938
10500.9996
10501.0486
10501.0718
10501.3402
10501.3634
10501.593
10501.7638
10501.8126
10502.8564
10502.8564
10503.0712
10503.551
10503.5546
10503.5608
10504.2052
10504.5288
10504.569
10504.6142
10505.094
10505.3136
10505.3832
10505.4004
10506.018
10506.0424
10506.7724
10507.1216
10507.1654
10507.1984
10507.3094
10508.1224
10508.5974
10508.6156
10509.2102
10509.2102
10509.691
10510.0464
10510.0512
10510.653
10510.653
10510.8226
10510.9862
10511.0364
10511.04
10511.084
10511.5796
10511.6356
10511.6588
10511.6772
10511.8262
10512.2496
10512.3218
10512.7928
10512.81
10513.3336
10513.4044
10513.435
10513.7816
10513.9844
10514.1162
10514.1466
10514.9548
10515.0048
10515.0232
10515.0792
10515.199
10515.4198
10515.5102
10516.8542
10516.864
10517.124
10517.688
10517.8246
10517.8368
10517.8406
10517.8576
10517.9186
10518.363
10518.4192
10518.4594
10518.9342
10518.9526
10518.9844
10519.104
10519.7644
10519.7704
10520.5504
10520.5516
10520.9204
10521.001
10521.0326
10521.2414
10521.256
10521.3244
10521.4306
10521.4476
10522.0238
10522.2216
10522.7038
10522.9004
10522.9344
10522.9492
10523.5704
10523.933
10523.933
10524.713
10524.7386
10524.7766
10524.8706
10524.89
10525.0964
10525.1098
10525.1696
10525.5834
10525.587
10526.566
10526.599
10526.6234
10526.8188
10527.4182
10527.428
10527.5232
10527.5804
10527.7684
10528.4118
10528.7218
10529.7754
10529.8302
10530.0804
10530.8422
10531.2084
10801.0132
10801.0718
10801.0852
10801.3512
10801.3744
10801.61
10801.7736
10801.8322
10802.854
10802.8722
10803.1018
10803.5668
10803.5692
10803.5704
10804.2198
10804.547
10804.5862
10804.63
10805.111
10805.3356
10805.404
10805.4174
10806.0936
10806.0962
10806.7858
10807.1814
10807.1838
10807.2142
10807.3218
10808.181
10808.629
10808.6352
10809.2198
10809.2212
10809.7106
10810.061
10810.0682
10810.675
10810.6762
10810.8386
10811.0168
10811.046
10811.0546
10811.0998
10811.5966
10811.6516
10811.6772
10811.6942
10811.8566
10812.2704
10812.3376
10812.865
10812.8734
10813.3508
10813.4178
10813.452
10813.8
10814.0014
10814.1284
10814.165
10814.9756
10815.0158
10815.0402
10815.0988
10815.216
10815.4382
10815.537
10816.881
10816.8896
10817.1508
10817.6378
10817.843
10817.8612
10817.876
10817.8966
10817.9382
10818.396
10818.485
10818.4874
10818.9502
10818.9684
10819.005
10819.115
10819.7778
10819.7986
10820.5736
10820.5834
10820.941
10821.0168
10821.051
10821.2488
10821.272
10821.3414
10821.4464
10821.4648
10822.119
10822.2936
10822.7148
10822.9222
10822.9516
10822.9712
10823.5888
10823.9586
10823.977
10824.7156
10824.7594
10824.7912
10824.8852
10824.912
10825.177
10825.2074
10825.2404
10825.5896
10825.6006
10826.7028
10826.704
10826.7052
10826.8518
10827.4364
10827.4486
10827.5402
10827.5878
10827.7942
10828.4374
10828.7304
10829.7948
10829.8474
10830.1282
10830.858
10831.2256
11101.0314
11101.079
11101.0998
11101.3672
11101.3952
11101.6222
11101.809
11101.8896
11102.871
11102.8832
11103.1176
11103.6352
11103.6548
11103.6644
11104.2308
11104.574
11104.6008
11104.641
11105.1294
11105.3514
11105.4272
11105.4272
11106.1168
11106.1304
11106.8004
11107.1996
11107.1996
11107.2252
11107.34
11108.2042
11108.651
11108.651
11109.2516
11109.2528
11109.7216
11110.0804
11110.0902
11110.6932
11110.6982
11110.8728
11111.1352
11111.1498
11111.1596
11111.1828
11111.6112
11111.6662
11111.6918
11111.7224
11111.8724
11112.3876
11112.3888
11112.8832
11112.8856
11113.3666
11113.4374
11113.4704
11113.8182
11114.0148
11114.1406
11114.2004
11114.9962
11115.0342
11115.0574
11115.1172
11115.2356
11115.4564
11115.5712
11116.9018
11116.9054
11117.1678
11117.6818
11117.86
11117.899
11117.899
11117.9114
11117.9698
11118.413
11118.4874
11118.5192
11118.9696
11119.0062
11119.0246
11119.1442
11119.7912
11119.823
11120.6054
11120.6078
11120.9656
11121.0278
11121.0742
11121.272
11121.289
11121.3732
11121.4648
11121.4844
11122.1362
11122.323
11122.7282
11122.9492
11122.9748
11122.9956
11123.6828
11123.9562
11123.9806
11124.7302
11124.8254
11124.8266
11124.9034
11124.9402
11125.2002
11125.205
11125.2562
11125.62
11125.6212
11126.7114
11126.7272
11126.7334
11126.8872
11127.4768
11127.4804
11127.5708
11127.6086
11127.8392
11128.4532
11128.745
11129.8108
11129.862
11130.1512
11130.8752
11131.2548
11401.0534
11401.1022
11401.1194
11401.3878
11401.4196
11401.6478
11401.8274
11401.9214
11402.8894
11402.904
11403.1566
11403.662
11403.6804
11403.6852
11404.2492
11404.5946
11404.624
11404.6642
11405.1512
11405.4406
11405.515
11405.5236
11406.1352
11406.151
11406.9762
11407.218
11407.2204
11407.2472
11407.3608
11408.3812
11408.6974
11408.7012
11409.3298
11409.3322
11409.74
11410.133
11410.1378
11410.7104
11410.7238
11410.9728
11411.1194
11411.1804
11411.1828
11411.2048
11411.6368
11411.6858
11411.7186
11411.7406
11411.9018
11412.484
11412.484
11412.9052
11412.9114
11413.4546
11413.457
11413.4886
11413.839
11414.0454
11414.1674
11414.2296
11415.0146
11415.0536
11415.0854
11415.1366
11415.2722
11415.4748
11415.6042
11416.9274
11416.9324
11417.1874
11417.8014
11417.9016
11417.9394
11418.0028
11418.1262
11418.136
11418.4472
11418.5472
11418.5486
11418.9928
11419.0234
11419.0416
11419.1662
11419.812
11419.8388
11420.6334
11420.6334
11420.9948
11421.1144
11421.1156
11421.2976
11421.3196
11421.383
11421.4916
11421.5038
11422.1496
11422.3412
11422.8234
11423.0212
11423.0224
11423.0346
11423.7182
11423.9782
11424.0038
11424.751
11424.8572
11424.8584
11424.9328
11424.9596
11425.2258
11425.2368
11425.2758
11425.6908
11425.6932
11426.7334
11426.781
11426.7932
11426.9774
11427.495
11427.5048
11427.589
11427.6306
11427.8894
11428.4948
11428.767
11429.8364
11429.8852
11430.172
11430.8922
11431.267
11701.0742
11701.1266
11701.14
11701.4306
11701.438
11701.6662
11701.897
11701.9408
11702.9272
11702.9284
11703.175
11703.6876
11703.706
11703.7426
11704.2748
11704.6142
11704.6434
11704.685
11705.1696
11705.5224
11705.5358
11705.542
11706.1718
11706.173
11706.9982
11707.2424
11707.2472
11707.2668
11707.3816
11708.3972
11708.7366
11708.7378
11709.381
11709.381
11709.774
11710.1758
11710.2452
11710.73
11710.7408
11711.0082
11711.1584
11711.1852
11711.2012
11711.223
11711.6552
11711.7016
11711.7406
11711.7602
11711.9214
11712.506
11712.5146
11712.921
11712.9332
11713.474
11713.4826
11713.5106
11713.8536
11714.0526
11714.1906
11714.2554
11715.0342
11715.0854
11715.1024
11715.1818
11715.2892
11715.4918
11715.6346
11716.947
11716.9494
11717.2082
11717.8624
11717.9222
11717.9614
11717.9724
11718.1224
11718.1456
11718.4924
11718.573
11718.579
11719.0112
11719.0454
11719.0612
11719.1844
11719.829
11719.8828
11720.6848
11720.6848
11721.1022
11721.1278
11721.1364
11721.3182
11721.3402
11721.4
11721.5136
11721.527
11722.1678
11722.368
11722.8478
11723.0602
11723.0712
11723.0774
11723.7378
11723.9966
11724.0246
11724.7728
11724.8742
11724.8876
11724.9536
11724.9804
11725.2698
11725.271
11725.316
11725.7422
11725.7422
11726.759
11726.7992
11726.809
11727.0032
11727.545
11727.5524
11727.6062
11727.6452
11727.9126
11728.5412
11728.8048
11729.8534
11729.9022
11730.249
11730.968
11731.3414
12001.1096
12001.195
12001.1974
12001.5258
12001.527
12001.6832
12001.931
12001.9848
12002.9576
12002.9638
12003.2372
12003.723
12003.7292
12003.7548
12004.2944
12004.6288
12004.657
12004.707
12005.1854
12005.5444
12005.5822
12005.5858
12006.2134
12006.2146
12007.0116
12007.2644
12007.268
12007.2936
12007.4072
12008.4154
12008.7804
12008.7828
12009.4066
12009.4066
12009.7864
12010.172
12010.2526
12010.8374
12010.9106
12011.024
12011.1742
12011.2084
12011.2366
12011.2488
12011.698
12011.7236
12011.7602
12011.7748
12012.0068
12012.5232
12012.5328
12012.9576
12012.9602
12013.4924
12013.5168
12013.5254
12013.9184
12014.0686
12014.2102
12014.2772
12015.0536
12015.1232
12015.1282
12015.3282
12015.3332
12015.5102
12015.6628
12016.9664
12016.9664
12017.2216
12017.8612
12017.937
12017.9784
12017.9882
12018.1432
12018.164
12018.5058
12018.6254
12018.6304
12019.0234
12019.0808
12019.093
12019.2016
12019.9072
12019.9108
12020.703
12020.703
12021.1278
12021.1426
12021.1596
12021.3366
12021.35
12021.4232
12021.5282
12021.5416
12022.1862
12022.395
12022.8662
12023.1152
12023.1176
12023.1176
12023.756
12024.049
12024.0502
12024.8718
12024.8888
12024.9034
12024.9658
12025
12025.2868
12025.288
12025.327
12025.7678
12025.7738
12026.7748
12026.8152
12026.8286
12027.0202
12027.5708
12027.5732
12027.6232
12027.6622
12027.976
12028.7902
12028.883
12029.8742
12029.9194
12030.8618
12030.985
12031.3756
12301.1266
12301.212
12301.212
12301.5428
12301.5454
12301.726
12301.9896
12302.0044
12303.0968
12303.1164
12303.3336
12303.7828
12303.8
12303.795
12304.3262
12304.6472
12304.6802
12304.729
12305.2112
12305.5578
12305.6128
12305.614
12306.2194
12306.2292
12307.0922
12307.2814
12307.2864
12307.3242
12307.434
12308.4338
12308.8086
12308.811
12309.4214
12309.4274
12309.8132
12310.2892
12310.2904
12310.8434
12310.8948
12311.057
12311.1926
12311.2378
12311.2524
12311.267
12312.1924
12312.323
12312.406
12312.4352
12312.7526
12313.0212
12313.0444
12313.4802
12313.933
12313.9904
12314.3798
12314.6582
12314.8816
12314.9438
12314.9866
12315.0366
12315.2136
12315.2246
12315.2318
12315.365
12315.4944
12315.5322
12315.6836
12316.9896
12316.9908
12317.2534
12317.882
12317.9674
12317.998
12318.0078
12318.1714
12318.1786
12318.5754
12318.6584
12318.6632
12319.0624
12319.0868
12319.1076
12319.2174
12319.917
12319.9266
12320.7226
12320.725
12321.1498
12321.173
12321.1828
12321.3536
12321.3658
12321.4428
12321.5502
12321.571
12322.2094
12322.423
12322.8784
12323.197
12323.1982
12323.2018
12323.778
12324.0674
12324.0796
12324.9292
12324.9426
12324.9524
12324.9852
12325.017
12325.3368
12325.3368
12325.3662
12325.7836
12325.7946
12326.809
12326.8628
12326.8738
12327.0372
12327.583
12327.5902
12327.644
12327.6794
12327.9956
12328.8146
12328.9
12329.9376
12329.9426
12331.1938
12331.195
12331.4074
12601.156
12601.2316
12601.2378
12601.571
12601.5722
12601.77
12602.2728
12602.4962
12603.12
12603.1262
12603.3484
12603.8024
12603.8074
12603.8292
12604.3396
12604.6728
12604.6948
12604.7436
12605.249
12605.5762
12605.636
12605.6408
12606.2366
12606.2426
12607.108
12607.296
12607.2972
12607.3412
12607.4512
12608.457
12608.8794
12608.8842
12609.4396
12609.442
12609.84
12610.3076
12610.3088
12610.9288
12610.9302
12611.079
12611.2096
12611.2438
12611.2658
12611.2866
12612.0556
12612.2496
12612.2814
12612.3242
12612.6928
12612.9504
12612.9516
12613.496
12613.8878
12613.894
12614.2114
12614.4176
12614.442
12614.8448
12614.962
12615.039
12615.2196
12615.2452
12615.2466
12615.3808
12615.5236
12615.5492
12615.7702
12617.0044
12617.0068
12617.2826
12617.9004
12617.987
12618.015
12618.0212
12618.2178
12618.2312
12618.5974
12618.7012
12618.7012
12619.0758
12619.115
12619.132
12619.2418
12620.0122
12620.0146
12620.7458
12620.7494
12621.1632
12621.1864
12621.195
12621.3818
12621.3964
12621.4612
12621.5698
12621.588
12622.224
12622.4756
12623.2286
12623.2592
12623.3202
12623.3214
12623.7988
12624.0918
12624.0954
12624.9218
12624.928
12624.9658
12625.0024
12625.0354
12625.3552
12625.3564
12625.3784
12625.8008
12625.819
12626.8286
12626.8724
12626.8896
12627.058
12627.6
12627.6036
12627.722
12627.722
12628.0884
12628.8342
12628.9208
12629.9524
12629.9634
12631.2096
12631.217
12631.4428
12901.173
12901.2414
12901.2524
12901.6088
12901.6112
12901.886
12902.362
12903.1372
12903.1554
12903.2372
12903.3776
12903.828
12903.8476
12903.8646
12904.364
12904.702
12904.713
12904.7972
12905.3674
12905.6982
12905.708
12905.7532
12906.2596
12906.2634
12907.124
12907.3156
12907.3254
12907.3596
12907.4646
12908.4728
12908.9086
12908.9098
12909.4604
12909.4702
12909.8596
12910.3282
12910.3296
12910.9386
12910.9448
12911.112
12911.2316
12911.2622
12911.2854
12911.3024
12912.174
12912.3656
12912.3852
12912.3876
12912.7112
12912.9674
12912.9748
12913.5118
12913.972
12913.9746
12914.2296
12914.4726
12914.4762
12914.8694
12914.978
12915.0646
12915.2404
12915.2722
12915.2844
12915.4016
12915.5444
12915.6054
12915.7982
12917.0276
12917.0348
12917.3034
12917.9198
12918.0066
12918.0724
12918.0774
12918.2434
12918.2506
12918.623
12918.717
12918.7242
12919.0954
12919.1736
12919.176
12919.2626
12920.0476
12920.05
12920.7726
12920.775
12921.2438
12921.25
12921.2756
12921.4012
12921.4122
12921.483
12921.6028
12921.6124
12922.2412
12922.5096
12923.6316
12924.0538
12924.2248
12924.6776
12924.9584
12925.3966
12925.9276
12926.4062
12926.4122
12926.5404
12926.6992
12926.7504
12927.2802
12927.7734
12928.037
12928.7134
12928.806
12929.2956
12929.4116
12929.4738
12929.4958
12929.9108
12929.962
12930.1306
12930.3234
12931.068
12931.4294
12931.4428
12931.5978
12931.6784
12931.7162
12931.765
12931.7944
13201.1938
13201.2584
13201.2792
13201.6406
13201.6442
13201.903
13202.3388
13203.1566
13203.1688
13203.247
13203.396
13203.844
13203.8524
13203.8854
13204.3786
13204.7716
13204.774
13204.8132
13205.3832
13205.7214
13205.7238
13205.7654
13206.3292
13206.333
13207.1434
13207.34
13207.3424
13207.379
13207.4816
13208.49
13208.9354
13208.938
13209.4786
13209.486
13209.884
13210.354
13210.3636
13210.9546
13210.9618
13211.129
13211.2536
13211.3342
13211.3428
13211.3464
13212.2008
13212.368
13212.3876
13212.3962
13212.7318
13213.0566
13213.0638
13213.5326
13213.9856
13213.9928
13214.2602
13214.4896
13214.4922
13214.962
13215.0036
13215.0952
13215.26
13215.2942
13215.3038
13215.4332
13215.5884
13215.6188
13215.8116
13217.052
13217.0544
13217.3364
13217.9382
13218.0212
13218.0884
13218.092
13218.2702
13218.275
13218.6388
13218.7584
13218.7596
13219.11
13219.1808
13219.209
13219.281
13220.1012
13220.1036
13220.791
13220.791
13221.2474
13221.2488
13221.2878
13221.4294
13221.4318
13221.4952
13221.6332
13221.6442
13222.2534
13222.5536
13223.4338
13223.6328
13223.8562
13224.691
13224.9316
13225.4138
13225.7788
13226.051
13226.3098
13226.3708
13226.516
13226.577
13226.8384
13227.301
13227.4328
13227.5842
13228.4166
13228.64
13228.927
13229.0136
13229.0478
13229.06
13229.7484
13229.7522
13229.9352
13230.979
13231.0132
13231.4232
13231.5404
13231.5868
13231.682
13231.7444
13231.7712
13501.2084
13501.2682
13501.2902
13501.6504
13501.6614
13501.9762
13502.5902
13503.1884
13503.1994
13503.2616
13503.4082
13503.8696
13503.8768
13503.9012
13504.3908
13504.8156
13504.8266
13504.8608
13505.4004
13505.736
13505.7422
13505.7812
13506.3414
13506.3524
13507.157
13507.362
13507.3656
13507.3986
13507.4974
13508.4996
13508.9502
13508.955
13509.4922
13509.5116
13509.9572
13510.3808
13510.3856
13510.9716
13510.9764
13511.1426
13511.2804
13511.3488
13511.3646
13511.372
13512.213
13512.3828
13512.4096
13512.428
13512.7624
13513.042
13513.0542
13513.5424
13513.9978
13514.0088
13514.2784
13514.5032
13514.5056
13514.9742
13515.0158
13515.1244
13515.2844
13515.3026
13515.3246
13515.448
13515.6006
13515.6396
13515.8374
13517.058
13517.0666
13517.3498
13517.959
13518.0394
13518.1152
13518.1188
13518.2776
13518.2886
13518.6534
13518.7572
13518.7732
13519.126
13519.1968
13519.2114
13519.2944
13520.1268
13520.1282
13520.8178
13520.8446
13521.2902
13521.3024
13521.3036
13521.4404
13521.444
13521.5136
13521.6552
13521.671
13522.2766
13522.5708
13523.4508
13523.6792
13523.972
13524.7046
13524.945
13525.4248
13525.7958
13526.0656
13526.3208
13526.3866
13526.5344
13526.6014
13526.8506
13527.3204
13527.4486
13527.5988
13528.4374
13528.6534
13528.944
13529.0258
13529.06
13529.0782
13529.7534
13529.774
13529.9572
13530.99
13531.024
13531.4366
13531.5514
13531.6014
13531.693
13531.759
13531.7822
13801.228
13801.289
13801.3036
13801.6748
13801.6808
13801.9678
13802.6184
13803.2068
13803.225
13803.28
13803.4302
13804.0014
13804.0026
13804.005
13804.4104
13804.8314
13804.8534
13804.8864
13805.4686
13805.7776
13805.7788
13805.8142
13806.3634
13806.3854
13807.1764
13807.384
13807.3852
13807.4158
13807.5182
13808.5204
13808.9696
13808.9734
13809.5178
13809.5312
13809.9768
13810.3978
13810.4028
13811.0034
13811.0082
13811.1754
13811.3854
13811.4586
13811.5674
13811.588
13812.2278
13812.4474
13812.4486
13812.4596
13812.7806
13813.0834
13813.0846
13813.557
13814.0198
13814.0246
13814.3126
13814.5398
13814.5422
13814.989
13815.0316
13815.1354
13815.3026
13815.3222
13815.3466
13815.52
13815.6116
13815.6578
13815.891
13817.0996
13817.1008
13817.3608
13817.976
13818.1482
13818.1506
13818.1518
13818.2958
13818.3142
13818.7414
13818.772
13818.7902
13819.1626
13819.2138
13819.2358
13819.32
13820.1538
13820.155
13820.8508
13820.869
13821.333
13821.3622
13821.3794
13821.4574
13821.4624
13821.5282
13821.6722
13821.693
13822.318
13822.5928
13823.474
13823.6926
13823.988
13824.7362
13824.967
13825.4516
13825.813
13826.0826
13826.3366
13826.4038
13826.5428
13826.632
13826.881
13827.334
13827.4646
13827.6342
13828.4826
13828.6974
13828.9612
13829.06
13829.0796
13829.0966
13829.7766
13829.7948
13829.9706
13831.0106
13831.04
13831.4562
13831.5698
13831.6308
13831.7382
13831.7798
13831.8054
14101.2438
14101.3134
14101.328
14101.7186
14101.7224
14101.9848
14102.672
14103.3824
14103.3838
14103.3948
14103.4546
14104.0172
14104.021
14104.0552
14104.4432
14104.8694
14104.8718
14104.9084
14105.4784
14105.7946
14105.8044
14105.8788
14106.389
14106.4012
14107.1972
14107.4474
14107.4486
14107.4512
14107.5366
14108.5412
14108.9856
14108.9952
14109.5276
14109.5532
14109.9938
14110.415
14110.4344
14111.0156
14111.0254
14111.1938
14111.4526
14111.455
14111.5746
14111.5782
14112.2484
14112.4634
14112.473
14112.484
14112.8026
14113.1054
14113.1066
14113.6144
14114.0478
14114.049
14114.3518
14114.569
14114.5702
14115.0096
14115.0512
14115.1636
14115.3612
14115.365
14115.3746
14115.5382
14115.6238
14115.675
14115.9778
14117.191
14117.1924
14117.3804
14117.993
14118.192
14118.2152
14118.2214
14118.3092
14118.3666
14118.7634
14118.7988
14118.8134
14119.1796
14119.237
14119.248
14119.342
14120.1708
14120.1744
14120.9276
14120.9302
14121.5136
14121.5198
14121.5246
14121.5416
14121.5442
14121.566
14121.6918
14121.715
14122.3388
14122.622
14123.5314
14123.7158
14124.0062
14124.7618
14124.9914
14125.5066
14125.8324
14126.1486
14126.3672
14126.4196
14126.5624
14126.6504
14126.9006
14127.3778
14127.4926
14127.6538
14128.5118
14128.717
14128.9844
14129.088
14129.104
14129.121
14129.8046
14129.8546
14129.9988
14131.0216
14131.0594
14131.4782
14131.599
14131.6552
14131.7578
14131.8456
14131.8578
14401.2658
14401.3452
14401.3574
14401.8016
14401.8152
14402.0018
14402.6916
14403.3764
14403.3984
14403.4142
14403.4764
14404.0454
14404.049
14404.0734
14404.4554
14404.895
14404.8962
14404.9266
14405.4956
14405.8068
14405.8276
14405.8972
14406.5564
14406.5576
14407.2374
14407.4816
14407.4988
14407.5012
14407.5586
14408.5582
14409.005
14409.0234
14409.5458
14409.5726
14410.0122
14410.4394
14410.4528
14411.0314
14411.0522
14411.2194
14411.4696
14411.4856
14411.5966
14411.5978
14412.2814
14412.484
14412.5354
14412.5354
14412.8186
14413.125
14413.1262
14413.64
14414.071
14414.0734
14414.375
14414.6362
14414.6362
14415.0256
14415.0682
14415.1964
14415.3966
14415.404
14415.4126
14415.5664
14415.6456
14415.692
14415.9972
14417.213
14417.2142
14417.4524
14418.0102
14418.2934
14418.2982
14418.3008
14418.3276
14418.3874
14418.7804
14418.8122
14418.839
14419.1992
14419.2516
14419.2676
14419.359
14420.199
14420.2086
14420.946
14420.9508
14421.527
14421.5306
14421.8944
14421.9078
14421.8762
14421.9384
14422.13
14422.1362
14423.2604
14423.2898
14423.5656
14423.7328
14424.0674
14424.7778
14425.0316
14425.52
14425.847
14426.1682
14426.4354
14426.4392
14426.604
14426.6686
14426.9664
14427.3926
14427.5084
14427.699
14428.5326
14428.7414
14429.005
14429.0978
14429.1272
14429.1698
14429.8218
14429.862
14430.0158
14431.0424
14431.084
14431.5258
14431.6174
14431.671
14431.7748
14431.8896
14431.8982
14701.2854
14701.3622
14701.3794
14701.8262
14701.8298
14702.0202
14702.7098
14703.396
14703.4094
14703.4314
14703.49
14704.0648
14704.0674
14704.0868
14704.469
14704.9194
14704.9254
14704.9438
14705.5102
14705.8252
14705.847
14705.9142
14706.5856
14706.5892
14707.2496
14707.4792
14707.5964
14707.6586
14707.7148
14708.573
14709.0466
14709.049
14709.5666
14709.5862
14710.0354
14710.531
14710.5322
14711.046
14711.0644
14711.245
14711.4978
14711.5002
14711.6124
14711.6136
14712.2998
14712.5024
14712.5488
14712.55
14712.8502
14713.1518
14713.1578
14713.6548
14714.0978
14714.099
14714.4092
14714.6582
14714.6606
14715.0378
14715.1732
14715.2794
14715.404
14715.4248
14715.432
14715.5822
14715.6762
14715.7054
14716.0118
14717.251
14717.2534
14717.4682
14718.0298
14718.2934
14718.3178
14718.3214
14718.3556
14718.3984
14718.7988
14718.8342
14718.8512
14719.215
14719.2846
14719.2858
14719.375
14720.2136
14720.2258
14720.963
14720.963
14721.5576
14721.5612
14721.7016
14721.7382
14721.8152
14721.8578
14722.0398
14722.2986
14723.269
14723.2958
14723.6022
14723.7512
14724.1722
14724.796
14725.05
14725.5578
14725.8788
14726.1864
14726.4574
14726.4586
14726.6394
14726.6858
14726.9848
14727.417
14727.5268
14727.722
14728.6754
14728.855
14729.0368
14729.1136
14729.143
14729.1858
14729.8376
14729.8852
14730.0426
14731.062
14731.101
14731.5428
14731.6478
14731.7102
14731.7932
14731.9054
14731.9152
15001.3098
15001.4026
15001.4136
15001.8616
15001.958
15002.0934
15002.727
15003.4166
15003.4314
15003.452
15003.507
15004.0978
15004.1028
15004.1368
15004.6056
15005.0232
15005.0378
15005.0426
15005.526
15005.8422
15005.8716
15005.9276
15006.6112
15006.6162
15007.2606
15007.495
15007.5756
15007.666
15007.6842
15008.5986
15009.1454
15009.149
15009.5862
15009.6106
15010.0536
15010.5566
15010.5578
15011.0608
15011.0852
15011.2804
15011.5258
15011.527
15011.6344
15011.6368
15012.3192
15012.5146
15012.567
15012.572
15012.8698
15013.17
15013.1872
15013.6682
15014.1466
15014.1478
15014.4812
15014.6996
15014.702
15015.0574
15015.1928
15015.3038
15015.4248
15015.4454
15015.4516
15015.6018
15015.697
15015.7348
15016.062
15017.2716
15017.279
15017.4902
15018.0444
15018.3484
15018.5778
15018.5998
15018.7572
15018.7878
15018.8452
15018.8524
15018.8708
15019.2444
15019.3102
15019.3152
15019.414
15020.249
15020.2526
15021.001
15021.007
15021.5758
15021.5868
15021.7224
15021.754
15021.8334
15021.8798
15022.0678
15022.3254
15023.2872
15023.324
15023.6352
15023.767
15024.2102
15024.8144
15025.1342
15025.5774
15025.9436
15026.2072
15026.5392
15026.5466
15026.66
15026.7052
15027.0654
15027.434
15027.5708
15027.749
15028.712
15028.9746
15029.1272
15029.1442
15029.1722
15029.204
15029.8534
15029.9022
15030.1758
15031.0974
15031.1194
15031.5612
15031.6784
15031.7272
15031.8176
15031.9238
15031.9396
15301.3782
15301.4244
15301.4318
15301.8786
15301.9836
15302.0934
15302.744
15303.4326
15303.4484
15303.4656
15303.5216
15304.1064
15304.1234
15304.143
15304.619
15305.0342
15305.0512
15305.061
15305.5444
15305.8618
15305.8824
15305.9436
15306.6882
15306.6894
15307.2778
15307.511
15307.5902
15307.6806
15307.699
15308.6328
15309.1662
15309.171
15309.5996
15309.6252
15310.078
15310.57
15310.5724
15311.0742
15311.0998
15311.295
15311.5722
15311.5734
15311.6504
15311.654
15312.3314
15312.5292
15312.5818
15312.5902
15312.882
15313.186
15313.2068
15313.7366
15314.1698
15314.1698
15314.4994
15314.7278
15314.7326
15315.1648
15315.2258
15315.3246
15315.443
15315.542
15315.5444
15315.6164
15315.7262
15315.7506
15316.1058
15317.2998
15317.3364
15317.5036
15318.0724
15318.3642
15318.5228
15318.6266
15318.7914
15318.8268
15318.8634
15318.8708
15318.8878
15319.2992
15319.3396
15319.3408
15319.4336
15320.2722
15320.2746
15321.0046
15321.0192
15321.5954
15321.61
15321.7418
15321.7712
15321.8506
15321.8982
15322.0836
15322.3412
15323.3008
15323.3386
15323.656
15323.795
15324.226
15324.8364
15325.1574
15325.5968
15325.9764
15326.2206
15326.5588
15326.5808
15326.6748
15326.7224
15327.4718
15327.473
15327.5878
15327.7672
15328.761
15329.0014
15329.1418
15329.1638
15329.1894
15329.2284
15329.9242
15329.9254
15330.194
15331.1132
15331.1316
15331.5796
15331.6992
15331.743
15331.837
15331.9482
15331.9652
15601.4342
15601.4758
15601.5136
15601.9042
15602.0752
15602.141
15602.755
15603.645
15603.651
15603.6938
15603.6974
15604.1844
15604.1906
15604.1906
15604.6398
15605.05
15605.0878
15605.0902
15605.5626
15605.8776
15605.9008
15605.968
15606.7114
15606.7162
15607.2986
15607.5402
15607.6416
15607.7014
15607.722
15608.6498
15609.1942
15609.2016
15609.6386
15609.6556
15610.0928
15610.5884
15610.5992
15611.112
15611.14
15611.3182
15611.5978
15611.6002
15611.6698
15611.6698
15612.351
15612.5488
15612.6172
15612.6196
15612.9528
15613.2666
15613.2678
15613.7572
15614.1784
15614.1968
15614.5592
15614.7522
15614.7594
15615.183
15615.3296
15615.3514
15615.4614
15615.5578
15615.5956
15615.6482
15615.7592
15615.7726
15616.228
15617.3168
15617.3388
15617.55
15618.092
15618.3812
15618.546
15618.6462
15618.8524
15618.855
15618.8842
15618.889
15618.911
15619.331
15619.3616
15619.364
15619.519
15620.2856
15620.2954
15621.0228
15621.04
15621.6088
15621.6382
15621.7748
15621.7992
15621.87
15621.9164
15622.1142
15622.3596
15623.3202
15623.3618
15623.6888
15623.8134
15624.2456
15624.8558
15625.1758
15625.6152
15625.9924
15626.2402
15626.5782
15626.6028
15626.6942
15626.7676
15627.4828
15627.484
15627.6036
15627.7904
15628.7682
15629.021
15629.2224
15629.3102
15629.3102
15629.348
15629.9376
15629.9438
15630.2282
15631.1304
15631.1706
15631.5966
15631.7566
15631.7602
15631.8578
15631.9896
15631.997
15901.4538
15901.5234
15901.5404
15901.9214
15902.113
15902.1692
15902.7758
15903.6998
15903.7242
15903.7512
15903.761
15904.2992
15904.3016
15904.3054
15904.6814
15905.0744
15905.1024
15905.1184
15905.6372
15905.896
15905.9178
15905.985
15906.7308
15906.7358
15907.323
15907.5744
15907.6598
15907.7208
15907.7404
15908.6644
15909.2052
15909.2212
15909.6496
15909.6764
15910.1294
15910.6432
15910.6432
15911.1682
15911.1694
15911.361
15911.626
15911.6736
15911.687
15911.6992
15912.4108
15912.5634
15912.6378
15912.6404
15912.9748
15913.2898
15913.291
15913.966
15914.204
15914.2236
15914.5764
15914.7692
15914.774
15915.2318
15915.3466
15915.3698
15915.4784
15915.5736
15915.614
15915.6518
15915.7812
15915.8032
15916.4672
15917.334
15917.3584
15917.572
15918.1164
15918.3984
15918.5888
15918.6864
15918.8854
15918.8854
15918.9966
15919.0038
15919.0038
15919.4128
15919.4286
15919.4286
15919.5178
15920.3136
15920.316
15921.0498
15921.0742
15921.626
15921.6552
15921.7956
15921.8138
15921.8884
15921.931
15922.1312
15922.3828
15923.3386
15923.3824
15923.7096
15923.8342
15924.2712
15924.8742
15925.194
15925.6408
15926.0082
15926.3304
15926.6028
15926.621
15926.7102
15926.787
15927.5012
15927.5024
15927.6306
15927.8076
15928.789
15929.0552
15929.5604
15929.5958
15929.6312
15929.6338
15929.9596
15929.9742
15930.2416
15931.1486
15931.1902
15931.6174
15931.781
15931.7834
15931.8834
15932.0104
15932.0166
16201.4734
16201.5294
16201.5538
16201.9432
16202.13
16202.2424
16202.7978
16203.7512
16203.7548
16203.7816
16203.8024
16204.3042
16204.3334
16204.337
16204.6972
16205.0902
16205.1172
16205.1378
16205.6554
16205.9142
16205.9374
16206.0046
16206.754
16206.759
16207.34
16207.594
16207.6794
16207.7416
16207.7672
16208.7024
16209.226
16209.248
16209.6692
16209.6948
16210.1464
16210.7274
16210.7458
16211.2036
16211.2036
16211.3782
16211.6382
16211.6894
16211.7052
16211.726
16212.4254
16212.583
16212.6586
16212.6598
16212.9944
16213.324
16213.3276
16213.9856
16214.3298
16214.3334
16214.5922
16214.7888
16214.7986
16215.2574
16215.3662
16215.399
16215.4956
16215.603
16215.6494
16215.6738
16215.8154
16215.8276
16216.4306
16217.3534
16217.3802
16217.6086
16218.1334
16218.4142
16218.6254
16218.7256
16218.9196
16218.9232
16219.021
16219.0306
16219.0416
16219.4078
16219.4238
16219.4592
16219.5372
16220.3418
16220.3418
16221.0754
16221.1194
16221.6454
16221.6748
16221.8286
16221.8346
16221.9066
16221.964
16222.1716
16222.4084
16223.3594
16223.4326
16223.7304
16223.8512
16224.2858
16224.8926
16225.2136
16225.6554
16226.04
16226.3708
16226.66
16226.6614
16226.7284
16226.8152
16227.5206
16227.5244
16227.7758
16227.832
16228.8074
16229.16
16229.4872
16229.5202
16229.5776
16229.58
16229.9792
16229.995
16230.2648
16231.1694
16231.2096
16231.6394
16231.8042
16231.8126
16231.903
16232.0532
16232.058
16501.521
16501.7064
16501.7382
16501.9652
16502.2632
16502.478
16502.8882
16503.767
16503.772
16503.8012
16503.817
16504.3236
16504.3456
16504.3738
16504.7374
16505.1
16505.1342
16505.1488
16505.675
16505.9338
16505.9618
16506.0156
16506.7724
16506.776
16507.3498
16507.6062
16507.6904
16507.7574
16507.782
16508.712
16509.2346
16509.2626
16509.6996
16509.7156
16510.1586
16510.747
16510.7568
16511.217
16511.2182
16511.4098
16511.676
16511.704
16511.7236
16511.7406
16512.4426
16512.594
16512.6744
16512.6794
16513.0102
16513.3324
16513.3496
16513.9978
16514.381
16514.3822
16514.6068
16514.7972
16514.807
16515.2832
16515.437
16515.4394
16515.509
16515.62
16515.6652
16515.686
16515.8374
16515.8484
16516.444
16517.3706
16517.401
16517.6256
16518.1738
16518.5168
16518.6426
16518.7438
16518.944
16518.944
16519.0404
16519.0478
16519.0624
16519.4286
16519.4518
16519.48
16519.5544
16520.3674
16520.3722
16521.0936
16521.123
16521.6638
16521.6954
16521.8506
16521.8554
16521.9298
16521.9824
16522.1838
16522.4852
16523.3776
16523.4484
16523.7474
16523.8794
16524.3004
16524.9254
16525.2356
16526.0204
16526.2366
16526.3878
16526.6808
16526.6844
16526.7444
16526.8872
16527.5488
16527.5536
16527.8552
16527.8576
16528.8256
16529.1918
16529.5044
16529.5398
16529.5984
16529.602
16529.995
16530.0194
16530.2832
16531.1888
16531.239
16531.7138
16531.82
16531.8286
16531.9152
16532.0666
16532.0752
16801.5332
16801.6552
16801.7468
16802.047
16802.2876
16802.4816
16802.9248
16803.7804
16803.811
16803.8304
16803.839
16804.3444
16804.3712
16804.3872
16804.7558
16805.1158
16805.1562
16805.166
16805.6932
16805.9996
16806.0118
16806.0326
16806.7932
16806.803
16807.3668
16807.6256
16807.7746
16807.7806
16807.8064
16808.75
16809.2528
16809.2798
16809.7228
16809.74
16810.1732
16810.78
16810.8068
16811.2438
16811.2474
16811.4342
16811.693
16811.7248
16811.737
16811.7662
16812.4596
16812.6146
16812.7136
16812.7172
16813.1128
16813.352
16813.369
16814.0136
16814.397
16814.4066
16814.624
16814.8144
16814.8352
16815.2978
16815.4504
16815.4698
16815.5284
16815.6494
16815.6848
16815.7128
16816.1474
16816.2024
16816.4734
16817.3974
16817.4182
16817.6476
16818.1994
16818.5778
16818.6644
16818.767
16818.9696
16818.9708
16819.0588
16819.0648
16819.104
16819.4432
16819.4762
16819.4982
16819.574
16820.3868
16820.3918
16821.1144
16821.1412
16821.6796
16821.715
16821.8944
16821.8994
16821.9458
16822.0018
16822.1996
16822.5036
16823.3996
16823.4716
16823.7658
16823.8964
16824.32
16824.9426
16825.2514
16826.04
16826.2634
16826.411
16826.7016
16826.7028
16826.7662
16826.8994
16827.567
16827.5732
16827.8832
16827.8906
16829.209
16829.2102
16829.5226
16829.558
16829.6924
16829.6924
16830.0146
16830.0438
16830.299
16831.2048
16831.2744
16831.7272
16831.8602
16831.8834
16831.9274
16832.0812
16832.0922
17101.5576
17101.693
17101.7662
17102.1142
17102.3254
17102.5182
17102.9552
17103.8012
17103.828
17103.8598
17103.9062
17104.3676
17104.3896
17104.403
17104.7802
17105.1282
17105.1744
17105.1904
17105.7202
17106.0546
17106.0558
17106.0608
17106.8164
17106.8248
17107.4108
17107.6464
17107.7954
17107.8014
17107.8246
17108.767
17109.276
17109.298
17109.7424
17109.7644
17110.194
17110.7872
17110.824
17111.2842
17111.2854
17111.4538
17111.8212
17111.8676
17111.8738
17111.8932
17112.5012
17112.6318
17112.7368
17112.7428
17113.1346
17113.3752
17113.402
17114.0368
17114.4214
17114.4446
17114.6448
17114.8668
17114.8694
17115.3246
17115.4846
17115.487
17115.5516
17115.7068
17115.7054
17115.7336
17116.0948
17116.2182
17116.5062
17117.4132
17117.4402
17117.6636
17118.219
17118.5986
17118.6864
17118.7926
17118.9782
17118.9892
17119.0856
17119.0892
17119.121
17119.4568
17119.4946
17119.5276
17119.5874
17120.4052
17120.4088
17121.134
17121.1658
17121.7772
17121.7798
17121.9152
17121.9274
17121.9652
17122.019
17122.2326
17122.5696
17123.4142
17123.5022
17123.7768
17123.911
17124.3408
17124.9914
17125.3356
17126.057
17126.289
17126.4452
17126.7444
17126.7468
17126.7858
17126.9226
17127.5988
17127.6196
17127.9076
17127.915
17129.2284
17129.2322
17129.541
17129.5776
17129.6874
17129.7192
17130.0696
17130.0756
17130.3186
17131.223
17131.2878
17131.776
17131.8652
17131.8944
17131.9506
17132.1044
17132.1338
17401.5796
17401.7162
17401.7908
17402.1374
17402.3424
17402.5366
17402.9662
17403.8182
17403.8452
17403.8744
17403.9208
17404.3846
17404.4116
17404.4298
17404.801
17405.1744
17405.1952
17405.2124
17405.7384
17406.0718
17406.0766
17406.09
17406.8432
17406.8468
17407.4266
17407.6636
17407.8124
17407.8246
17407.8418
17408.7828
17409.292
17409.3138
17409.7618
17409.7948
17410.2344
17410.8056
17410.8434
17411.3304
17411.3354
17411.483
17411.8884
17411.8944
17411.897
17411.9078
17412.5206
17412.6574
17412.7588
17412.7636
17413.1774
17413.3996
17413.4204
17414.0514
17414.4762
17414.48
17414.663
17414.89
17414.8912
17415.3418
17415.5078
17415.5138
17415.5712
17415.736
17415.7384
17415.7532
17416.2146
17416.2732
17416.5454
17417.4304
17417.4524
17417.6758
17418.2324
17418.6156
17418.7072
17418.806
17419.0332
17419.0356
17419.1052
17419.1064
17419.1344
17419.4774
17419.5104
17419.5422
17419.608
17420.4222
17420.432
17421.1572
17421.1816
17421.8078
17421.809
17421.9286
17421.9408
17421.9812
17422.0398
17422.257
17422.5952
17423.4302
17423.518
17423.7988
17423.9366
17424.359
17425.011
17425.3528
17426.0718
17426.3036
17426.4586
17426.7736
17426.7736
17426.7992
17426.947
17427.6598
17427.661
17427.9236
17427.9332
17429.2516
17429.2772
17429.5678
17429.5958
17429.702
17429.7338
17430.083
17430.0928
17430.3552
17431.2634
17431.3208
17431.8164
17431.8846
17431.9092
17431.9702
17432.1374
17432.1448
17701.6002
17701.7614
17701.8016
17702.1532
17702.3754
17702.5512
17702.9808
17703.8366
17703.8658
17703.8866
17703.9354
17704.3956
17704.4238
17704.4848
17704.8376
17705.2246
17705.238
17705.249
17705.775
17706.2268
17706.2524
17706.295
17706.9128
17706.936
17707.445
17707.7856
17707.9406
17707.9418
17707.9418
17708.7976
17709.3138
17709.331
17709.8058
17709.8254
17710.2526
17710.8568
17710.8606
17711.3622
17711.3658
17711.494
17711.9006
17711.9176
17711.9188
17711.9286
17712.539
17712.6696
17712.7904
17712.7916
17713.192
17713.4118
17713.4374
17714.0648
17714.4908
17714.5812
17714.7216
17714.9206
17714.9242
17715.3564
17715.5188
17715.5652
17715.587
17715.7446
17715.758
17715.7738
17716.5564
17716.5722
17716.6088
17717.4474
17717.4816
17717.6916
17718.2518
17718.6352
17718.7218
17718.8244
17719.0588
17719.0588
17719.1308
17719.132
17719.171
17719.5336
17719.7204
17719.7338
17719.7522
17720.4516
17720.459
17721.1742
17721.2024
17721.8262
17721.831
17721.9604
17721.9714
17721.9982
17722.0642
17722.301
17722.7014
17723.4496
17723.535
17723.817
17723.9708
17724.3774
17725.028
17725.3698
17726.0888
17726.3402
17726.4818
17726.803
17726.803
17726.8262
17726.9762
17727.6842
17727.6904
17727.9918
17727.9918
17729.2676
17729.2956
17729.5934
17729.6142
17729.729
17729.751
17730.1146
17730.1306
17730.3698
17731.2816
17731.339
17731.831
17731.9042
17731.9274
17731.9884
17732.1752
17732.1814
18001.6222
18001.9506
18001.9592
18002.2582
18002.6476
18002.6488
18003.004
18003.855
18003.8806
18003.9208
18003.977
18004.4128
18004.4408
18004.5006
18004.8644
18005.2356
18005.2562
18005.2684
18005.8092
18006.3182
18006.3232
18006.3244
18006.9762
18006.9994
18007.4608
18007.8052
18007.9918
18008.0028
18008.0078
18008.8134
18009.3676
18009.37
18009.8108
18009.8424
18010.2758
18010.9032
18010.9032
18011.3782
18011.3806
18011.51
18012.0312
18012.0372
18012.047
18012.0654
18012.556
18012.6892
18012.8112
18012.8112
18013.2104
18013.4302
18013.4582
18014.1356
18014.5032
18014.602
18014.74
18014.9426
18014.9438
18015.3734
18015.5822
18015.5834
18015.6116
18015.7776
18015.78
18015.8092
18016.7028
18016.9738
18016.9774
18017.495
18017.5354
18017.7172
18018.2654
18018.6474
18018.75
18018.8428
18019.1014
18019.1014
18019.1394
18019.16
18019.2004
18019.5202
18019.724
18019.7546
18019.7632
18020.4674
18020.4748
18021.1962
18021.2206
18021.848
18021.8554
18021.9664
18021.9934
18022.0178
18022.08
18022.3754
18022.7184
18023.4692
18023.5546
18023.8354
18023.9856
18024.3944
18025.1416
18025.4004
18026.112
18026.3672
18026.51
18026.82
18026.8212
18026.8566
18026.9946
18028.0944
18028.103
18028.1128
18028.114
18029.281
18029.3126
18029.652
18029.6618
18029.746
18029.7668
18030.1294
18030.1452
18030.3868
18031.3
18031.3574
18031.8506
18031.9214
18031.9494
18032.0056
18032.1996
18032.2058
18301.6516
18301.9238
18301.9726
18302.467
18302.6916
18302.694
18303.0334
18303.8684
18303.8928
18303.927
18303.9794
18304.4348
18304.458
18304.5262
18304.8852
18305.2538
18305.2672
18305.2806
18305.8202
18306.333
18306.3696
18306.3708
18307.063
18307.0654
18307.4914
18307.9114
18308.0066
18308.0066
18308.0394
18308.8378
18309.397
18309.397
18309.8326
18309.9194
18310.2928
18310.9264
18310.9276
18311.4294
18311.4318
18311.532
18312.0422
18312.0422
18312.063
18312.0752
18312.5732
18312.7098
18312.8344
18312.8344
18313.2312
18313.5034
18313.5034
18314.1516
18314.5226
18314.6178
18314.7644
18314.9634
18314.9646
18315.3894
18315.7458
18315.7702
18315.8764
18316.1534
18316.1804
18316.615
18316.8896
18316.9604
18317.0262
18317.5354
18317.5536
18317.7538
18318.2738
18318.6608
18318.7658
18318.8598
18319.1112
18319.1162
18319.165
18319.1784
18319.204
18319.5714
18319.7424
18319.8986
18319.9072
18320.487
18320.4894
18321.2182
18321.245
18321.8762
18321.8932
18322.0104
18322.019
18322.041
18322.097
18322.4462
18322.7318
18323.4826
18323.5692
18323.8464
18324.0088
18324.42
18325.1538
18325.4944
18326.1706
18326.477
18326.5282
18326.9018
18326.914
18326.9226
18327.0116
18328.098
18328.1224
18328.1444
18328.1482
18329.298
18329.3274
18329.6678
18329.6788
18329.7644
18329.801
18330.1476
18330.1622
18330.4016
18331.3304
18331.3708
18331.9104
18331.942
18331.9678
18332.0996
18332.3192
18332.4742
18601.6686
18601.936
18601.9922
18602.467
18602.7062
18602.7148
18603.0542
18603.8842
18603.911
18603.9562
18603.994
18604.4446
18604.4738
18604.6178
18604.9376
18605.36
18605.3612
18605.365
18605.8374
18606.3562
18606.3904
18606.3904
18607.0874
18607.0946
18607.5096
18607.943
18608.037
18608.059
18608.0748
18608.855
18609.4092
18609.4214
18609.8498
18609.9646
18610.3136
18610.9496
18610.957
18611.516
18611.516
18611.5576
18612.1948
18612.2082
18612.229
18612.2534
18612.5964
18612.727
18612.8612
18612.8636
18613.2482
18613.524
18613.5254
18614.171
18614.5764
18614.6362
18614.7864
18615.0048
18615.0084
18615.4126
18615.7262
18615.7458
18615.957
18616.9652
18618.5118
18618.6058
18618.64
18618.64
18619.3102
18619.5226
18619.58
18619.591
18620.0378
18620.3064
18620.598
18620.902
18620.9166
18621.2938
18621.3452
18621.5576
18621.6002
18621.7992
18621.8078
18622.0398
18622.1776
18622.9052
18622.926
18623.402
18623.7572
18623.7634
18623.8782
18624.5946
18624.7412
18624.9218
18624.9292
18624.973
18625.1648
18625.1708
18625.2074
18625.3418
18625.4736
18625.5394
18625.5956
18625.6078
18626.2414
18626.4916
18626.5428
18626.9176
18626.9274
18626.9458
18627.0262
18628.1128
18628.1372
18628.1616
18628.1664
18629.3236
18629.3468
18629.6874
18629.6898
18629.7754
18629.8218
18630.166
18630.1976
18630.4186
18631.355
18631.389
18631.9628
18631.9738
18631.9884
18632.1202
18632.3204
18632.3742
18901.687
18901.9542
18902.0104
18902.4878
18902.7258
18902.7344
18903.0748
18903.9
18903.9476
18903.9612
18904.005
18904.4568
18904.4872
18904.6288
18904.967
18905.3406
18905.3552
18905.3856
18905.9386
18906.3708
18906.4062
18906.4062
18907.1704
18907.1752
18907.5354
18907.9552
18908.0382
18908.0724
18908.092
18908.8696
18909.42
18909.4336
18909.901
18910.1732
18910.4114
18910.957
18910.9752
18911.5344
18911.5368
18911.5758
18912.2118
18912.246
18912.2472
18912.2766
18912.6074
18912.7612
18912.8784
18912.8784
18913.2604
18913.5388
18913.54
18914.1918
18914.5922
18914.6544
18914.8022
18915.022
18915.028
18915.432
18915.7482
18915.7678
18915.9778
18916.903
18917.86
18918.4814
18918.5106
18918.6072
18918.916
18919.2956
18919.497
18919.5776
18919.7766
18919.9828
18919.984
18920.52
18920.7506
18920.8458
18920.8666
18920.8752
18920.8996
18921.267
18921.5222
18921.5966
18922.1862
18922.3558
18922.5574
18922.7806
18922.876
18923.2068
18923.5266
18923.573
18923.5986
18923.9514
18924.143
18924.5958
18924.7656
18925.0964
18925.111
18925.338
18925.465
18925.5358
18925.598
18925.631
18926.2622
18926.5112
18926.5612
18926.936
18926.958
18926.9664
18927.0458
18928.1298
18928.1554
18928.186
18928.1932
18929.342
18929.3652
18929.7032
18929.7046
18929.796
18929.84
18930.1866
18930.2184
18930.4784
18931.3744
18931.411
18931.9836
18932.0092
18932.036
18932.1448
18932.3546
18932.4132
19201.7114
19201.969
19202.0288
19202.5256
19202.7588
19202.76
19203.0992
19203.9208
19203.9612
19203.9794
19204.0306
19204.4738
19204.5092
19204.6496
19205.105
19205.376
19205.4088
19205.421
19205.9656
19206.4
19206.6674
19206.6698
19207.2008
19207.2118
19207.561
19207.9882
19208.0748
19208.092
19208.1408
19208.889
19209.4396
19209.4616
19209.9218
19210.1928
19210.4222
19210.9728
19211.0022
19211.5526
19211.5636
19211.5942
19212.2278
19212.2484
19212.274
19212.29
19212.6268
19212.7782
19212.8978
19212.899
19213.275
19213.573
19213.579
19214.2126
19214.6068
19214.6716
19214.823
19215.0548
19215.0586
19215.454
19215.7666
19215.7994
19215.9996
19216.914
19217.8844
19218.535
19218.5412
19218.6278
19218.9354
19219.3628
19219.5154
19219.5958
19219.7972
19220.0194
19220.0206
19220.5456
19220.7762
19220.863
19220.88
19220.8948
19220.9216
19221.2828
19221.5404
19221.6198
19222.2008
19222.3778
19222.5744
19222.7954
19222.904
19223.2422
19223.5436
19223.59
19223.612
19223.9684
19224.165
19224.6142
19224.779
19225.1134
19225.122
19225.3564
19225.493
19225.5542
19225.6116
19225.6432
19226.2828
19226.5294
19226.5918
19226.9652
19226.9836
19227.0006
19227.0604
19228.1444
19228.17
19228.2068
19228.2128
19229.3616
19229.3896
19229.7618
19229.7618
19229.8156
19229.8596
19230.2112
19230.2452
19230.5176
19231.4038
19231.4282
19232.0044
19232.0288
19232.0532
19232.1716
19232.3706
19232.4364
19501.7296
19501.9896
19502.0434
19502.5732
19502.777
19502.7856
19503.114
19503.9392
19504.1344
19504.4408
19504.597
19504.6178
19504.6178
19504.6556
19505.1172
19505.3868
19505.421
19505.4332
19505.985
19506.4122
19506.7284
19506.7346
19507.2668
19507.2814
19507.5792
19508.0382
19508.1006
19508.131
19508.1566
19508.9734
19509.4884
19509.4982
19509.9498
19510.2148
19510.4552
19511.0364
19511.0376
19511.5674
19511.5796
19511.6356
19512.2436
19512.2632
19512.29
19512.307
19512.6404
19512.8552
19512.9198
19512.926
19513.2922
19513.5924
19513.5948
19514.2308
19514.6228
19514.6972
19514.8424
19515.094
19515.0952
19515.4748
19515.7848
19515.9668
19516.0144
19516.9298
19517.8978
19518.5668
19518.568
19518.645
19518.9502
19519.3798
19519.5336
19519.6118
19519.8108
19520.05
19520.0512
19520.5554
19520.7922
19520.8812
19520.902
19520.9216
19520.9386
19521.3
19521.5624
19521.6382
19522.2936
19522.3962
19522.594
19522.8112
19522.9236
19523.3728
19523.5802
19523.6046
19523.6304
19523.994
19524.1832
19524.6324
19524.796
19525.1294
19525.1586
19525.3686
19525.5212
19525.5688
19525.6262
19525.6664
19526.3
19526.5478
19526.6028
19526.9824
19526.9982
19527.019
19527.0812
19528.1652
19528.1896
19528.2348
19528.2408
19529.3774
19529.4054
19529.7912
19529.7912
19529.8326
19529.8766
19530.2318
19530.3052
19530.5298
19531.4366
19531.4502
19532.0154
19532.0422
19532.0666
19532.1996
19532.4364
19532.4486
19801.7492
19802.008
19802.074
19802.6268
19802.865
19802.871
19803.1592
19803.9598
19804.0906
19804.3164
19804.4506
19804.6764
19804.6776
19804.6802
19805.1342
19805.4114
19805.4406
19805.4516
19806.0204
19806.4574
19806.759
19806.7676
19807.2802
19807.2912
19807.6
19808.131
19808.1346
19808.1554
19808.1738
19809.0014
19809.5154
19809.5202
19809.973
19810.3832
19810.642
19811.0546
19811.0594
19811.6064
19811.6076
19811.7944
19812.3986
19812.4158
19812.4242
19812.4328
19812.694
19812.871
19812.932
19812.9406
19813.3458
19813.662
19813.6644
19814.2406
19814.6386
19814.7192
19814.8572
19815.172
19815.177
19815.5176
19815.8972
19816.0986
19816.0998
19816.942
19817.9114
19818.6058
19818.6072
19818.656
19818.9636
19819.4006
19819.5458
19819.6288
19819.8474
19820.0622
19820.072
19820.57
19820.8544
19820.9374
19820.9496
19820.9546
19820.9692
19821.3598
19821.6772
19821.6808
19822.3132
19822.4292
19822.6122
19822.8734
19822.9662
19823.4008
19823.5986
19823.6304
19823.6486
19824.0136
19824.2638
19824.6508
19824.8218
19825.1526
19825.1622
19825.4088
19825.5468
19825.5846
19825.6518
19825.6872
19826.3158
19826.5674
19826.632
19827.1276
19827.1448
19827.1642
19827.1692
19828.1946
19828.2054
19828.2446
19828.2604
19829.403
19829.4214
19829.9182
19829.9218
19829.9426
19829.9658
19830.2502
19830.321
19830.5578
19831.477
19831.4856
19832.0348
19832.063
19832.102
19832.2204
19832.484
19832.4852
20101.765
20102.0336
20102.0898
20102.644
20102.943
20102.948
20103.1738
20103.977
20104.1052
20104.3322
20104.4824
20104.7008
20104.7046
20104.7082
20105.1732
20105.4552
20105.4626
20105.4918
20106.051
20106.4636
20106.7784
20106.7932
20107.3022
20107.3192
20107.639
20108.147
20108.1518
20108.175
20108.197
20109.1162
20109.5776
20109.5788
20110.3942
20110.3942
20110.6592
20111.1242
20111.1254
20111.6296
20111.654
20111.8358
20112.379
20112.423
20112.456
20112.4596
20112.7294
20112.91
20112.9516
20112.9564
20113.3642
20113.6828
20113.684
20114.2554
20114.6532
20114.7386
20114.8778
20115.2868
20115.2892
20115.5358
20115.9178
20116.14
20116.1584
20117.0128
20117.9308
20118.7036
20118.7108
20118.7158
20119.0234
20119.4188
20119.5604
20119.6594
20119.862
20120.0988
20120.1036
20120.6128
20120.9216
20120.9728
20120.9764
20121.0034
20121.0338
20121.383
20121.7028
20121.709
20122.3302
20122.4438
20122.6282
20122.9418
20123.0004
20123.5228
20123.6168
20123.6438
20123.6694
20124.038
20124.2822
20124.6692
20124.8534
20125.1732
20125.1794
20125.4198
20125.5688
20125.6224
20125.6676
20125.7054
20126.339
20126.5844
20126.649
20127.1338
20127.1924
20127.1936
20127.2058
20128.2164
20128.219
20128.2628
20128.2824
20129.4336
20129.4408
20129.9182
20129.9328
20129.9596
20129.9962
20130.2734
20130.338
20130.581
20131.5002
20131.5014
20132.047
20132.0788
20132.1228
20132.2522
20132.4926
20132.5024
20401.8042
20402.0508
20402.1118
20402.6636
20402.9564
20402.959
20403.1932
20403.9966
20404.126
20404.3602
20404.5018
20404.7118
20404.7412
20404.751
20405.2928
20405.5176
20405.5176
20405.542
20406.0692
20406.4818
20406.7968
20406.8114
20407.3192
20407.3436
20407.6636
20408.1688
20408.1786
20408.208
20408.2202
20409.1308
20409.5946
20409.597
20410.3882
20410.4076
20410.681
20411.1498
20411.1644
20411.6528
20411.6722
20411.8628
20412.5804
20412.583
20412.5878
20412.6
20412.7562
20412.9344
20412.976
20412.976
20413.391
20413.767
20413.7694
20414.2798
20414.7046
20414.7582
20414.8998
20415.3052
20415.3148
20415.5908
20416.0668
20416.1548
20416.1742
20417.0312
20417.954
20418.7108
20418.7256
20418.7378
20419.038
20419.48
20419.58
20419.7118
20419.8852
20420.1318
20420.1342
20420.6322
20420.9764
20421.0106
20421.0448
20421.0472
20421.0644
20421.4038
20421.726
20421.726
20422.351
20422.4658
20422.644
20423.0126
20423.015
20423.54
20423.6352
20423.667
20423.684
20424.0552
20424.2992
20424.6874
20424.8804
20425.1904
20425.2002
20425.437
20425.6494
20425.6494
20425.686
20425.7226
20426.3794
20426.7064
20426.7064
20427.1556
20427.1972
20427.2046
20427.224
20428.2422
20428.2446
20428.2982
20428.3008
20429.4628
20429.4824
20429.9486
20429.9706
20429.9902
20430.0146
20430.3148
20430.3612
20430.7762
20431.521
20431.521
20432.0654
20432.0996
20432.141
20432.2728
20432.5268
20432.5292
20701.8212
20702.0824
20702.124
20702.6732
20702.9784
20702.9834
20703.203
20704.3188
20704.3212
20704.397
20704.5238
20704.7314
20704.7606
20704.7656
20705.3076
20705.537
20705.542
20705.5614
20706.0864
20706.5014
20706.8138
20706.8262
20707.3412
20707.3534
20707.7124
20708.181
20708.2054
20708.2128
20708.2324
20709.143
20709.6216
20709.624
20710.4028
20710.4222
20710.7006
20711.1572
20711.184
20711.665
20711.6844
20711.8798
20712.5658
20712.605
20712.6146
20712.6172
20712.771
20712.9468
20712.9858
20712.9956
20713.474
20713.8378
20713.8428
20714.292
20714.7192
20714.7728
20714.9292
20715.3222
20715.327
20715.6054
20716.0814
20716.1694
20716.1914
20717.0776
20717.9736
20718.723
20718.7402
20718.7646
20719.0478
20719.4896
20719.6142
20719.7436
20719.9022
20720.1464
20720.1512
20720.7178
20721.1206
20721.1426
20721.1474
20721.1548
20721.1548
20721.433
20721.7406
20721.743
20722.3584
20722.4756
20722.6976
20723.0248
20723.037
20723.5644
20723.6572
20723.6792
20723.6986
20724.0674
20724.3164
20724.6996
20724.8998
20725.2002
20725.2148
20725.4442
20725.6566
20725.6592
20725.6982
20725.7324
20726.3964
20726.77
20726.7724
20727.1802
20727.2118
20727.2168
20727.2412
20728.2544
20728.2568
20728.3104
20728.3154
20729.4652
20729.4896
20729.9658
20729.9804
20730.0072
20730.0244
20730.3246
20730.3784
20730.7934
20731.5356
20731.5356
20732.0824
20732.1288
20732.1704
20732.29
20732.5438
20732.5464
21001.8384
21002.0996
21002.141
21002.6928
21002.993
21003.0126
21003.225
21004.3384
21004.3994
21004.5044
21004.6654
21004.746
21004.7754
21004.785
21005.3246
21005.5542
21005.5762
21005.5884
21006.1034
21006.5184
21006.831
21006.8602
21007.373
21007.373
21007.7294
21008.2006
21008.2226
21008.23
21008.2446
21009.1626
21009.6386
21009.641
21010.4222
21010.4442
21010.7738
21011.1718
21011.1914
21011.6796
21011.6992
21011.8944
21012.578
21012.6024
21012.6318
21012.639
21012.788
21012.9736
21013.0028
21013.0126
21013.4862
21013.8524
21013.8646
21014.309
21014.7754
21014.79
21014.9462
21015.3368
21015.349
21015.6176
21016.1084
21016.184
21016.3378
21017.1094
21017.9906
21018.7378
21018.7622
21018.7816
21019.0624
21019.5068
21019.6386
21019.7728
21019.973
21020.1708
21020.1708
21020.7348
21021.145
21021.1522
21021.1766
21021.1962
21021.1986
21021.4476
21021.7552
21021.7602
21022.3754
21022.495
21022.7148
21023.042
21023.0516
21023.5814
21023.684
21023.6986
21023.7182
21024.143
21024.3286
21024.7192
21024.9218
21025.2172
21025.2344
21025.5004
21025.6786
21025.6836
21025.7202
21025.769
21026.4598
21026.7894
21026.792
21027.1802
21027.2534
21027.2534
21027.2656
21028.2836
21028.2836
21028.3324
21028.3324
21029.4848
21029.5044
21029.9804
21029.9974
21030.022
21030.0438
21030.3564
21030.393
21030.8104
21031.5576
21031.56
21032.0996
21032.1434
21032.1898
21032.3094
21032.556
21032.5634
21301.853
21302.119
21302.2168
21302.7098
21303.0078
21303.0272
21303.2568
21304.3602
21304.4164
21304.5458
21304.6802
21304.7632
21304.7948
21304.7998
21305.3418
21305.5736
21305.581
21305.6224
21306.123
21306.5332
21306.853
21306.8774
21307.3998
21307.4022
21307.744
21308.3226
21308.3374
21308.3422
21308.3544
21309.7168
21309.7362
21309.7412
21310.454
21310.4712
21310.8398
21311.2036
21311.2134
21311.7554
21311.7578
21311.9092
21312.6024
21312.622
21312.6464
21312.6538
21312.8052
21312.993
21313.0176
21313.0322
21313.5594
21313.872
21313.8842
21314.3262
21314.7924
21314.8022
21314.973
21315.3808
21315.3832
21315.6396
21316.1644
21316.2036
21316.3574
21317.1264
21318.0078
21318.7548
21318.7792
21318.7964
21319.0918
21319.5238
21319.6704
21319.7948
21320.1318
21320.188
21320.188
21320.7592
21321.162
21321.162
21321.1914
21321.2108
21321.2182
21321.4648
21321.8994
21321.9018
21322.3974
21322.5194
21322.727
21323.0614
21323.0834
21323.662
21323.7646
21323.7694
21323.772
21324.1576
21324.3456
21324.7314
21324.9388
21325.2904
21325.3002
21325.5248
21325.7054
21325.7152
21325.7348
21325.7958
21326.477
21326.8114
21326.8138
21327.3852
21327.395
21327.395
21327.395
21328.3154
21328.3202
21328.3618
21328.3666
21329.4994
21329.519
21329.9974
21330.0146
21330.0414
21330.078
21330.3906
21330.4174
21330.8252
21331.5868
21331.5868
21332.119
21332.1704
21332.2192
21332.3314
21332.6854
21332.6854
21601.8774
21602.1532
21602.2412
21602.7294
21603.0638
21603.0688
21603.2738
21604.3774
21604.4458
21604.5434
21604.6972
21604.785
21604.8094
21604.8168
21605.3636
21605.625
21605.6372
21605.6444
21606.1718
21606.5746
21606.8724
21606.897
21607.4144
21607.4266
21607.7636
21608.3324
21608.3788
21608.3934
21608.3984
21609.7192
21609.7778
21609.7826
21610.5298
21610.5298
21610.9154
21611.2206
21611.2474
21611.7798
21611.7798
21611.9262
21612.6196
21612.639
21612.683
21612.6854
21612.8344
21613.0126
21613.0346
21613.0516
21613.5766
21613.9648
21613.9696
21614.3602
21614.8632
21614.873
21615.022
21615.4052
21615.4052
21615.6616
21616.1962
21616.2256
21616.3964
21617.1532
21618.0298
21618.772
21618.7964
21618.8134
21619.1308
21619.5386
21619.7046
21619.812
21620.1538
21620.2124
21620.2148
21620.7762
21621.1792
21621.1816
21621.2084
21621.2378
21621.2474
21621.4892
21621.9164
21621.9188
21622.4608
21622.5342
21622.7562
21623.0834
21623.103
21623.6792
21623.7768
21623.8452
21623.8452
21624.2846
21624.3724
21624.7656
21624.973
21625.3856
21625.3906
21625.5444
21625.73
21625.7446
21625.7544
21625.808
21626.5038
21626.8602
21626.8628
21627.3804
21627.4194
21627.434
21627.4388
21628.3348
21628.3422
21628.3862
21628.3862
21629.5214
21629.5386
21630.0292
21630.056
21630.0682
21630.083
21630.415
21630.4394
21630.9228
21631.5966
21631.599
21632.1362
21632.1996
21632.246
21632.4536
21632.705
21632.7124
