5603.49
5579.42
5577.39
5601.47
5583.76
5555.4
5580.6
5567.25
5562.73
5568.42
5582.3
5554.06
5551.35
5561.03
5580.08
5568.64
5540.44
5572.5
5556.02
5568.94
5553.26
5569.77
5567.15
5549.13
5537.35
5527.99
5550.23
5559.26
5547.62
5528.02
5558.58
5560.63
5531.46
5526.87
5523.32
5532.29
5521.98
5514.49
5544.77
5539.72
5507.44
5541.07
5524.02
5501.64
5515.85
5536.03
5504.25
5512.8
5497.27
5516.16
5494.57
5495.9
5506.48
5508.83
5519.72
5512.3
5519.53
5513.8
5479.64
5490.52
5487.43
5517.18
5484.58
5497.19
5493.15
5484.9
5483.01
5484.58
5499.27
5476.32
5465.97
5464.03
5459.37
5465.14
5484.42
5474.89
5473.36
5479.64
5480.62
5460.09
5459.79
5478.44
5484.51
5476.89
5485.05
5480.36
5478.49
5468.08
5444.92
5474.74
5457.89
5459.08
5466.53
5445.8
5438.33
5428.68
5433.6
5437.51
5444.78
5429.86
5448.08
5439.24
5426.4
5450.87
5450.4
5442.57
5446.77
5437.72
5417.47
5414.7
5447.62
5424.92
5421.04
5444.08
5423.93
5423.37
5396.96
5423.74
5429.19
5417.42
5405.73
5426.57
5396.65
5396.07
5392.2
5415.25
5416.57
5416.55
5415.35
5412.08
5372.71
5377.6
5389.74
5364.14
5388.9
5402.57
5394.81
5403.81
5363.77
5382.39
5370.53
5374.76
5377.56
5367.98
5371.62
5374.1
5365.01
5380.7
5363.55
5375.61
5366.24
5366.64
5384.4
5358.76
5391.24
5392.52
5390.47
5391.83
5381.39
5367.14
5368.37
5360.23
5381.78
5356.33
5368.06
5395.43
5394.53
5362.7
5386.34
5369.19
5394.1
5357.99
5369.52
5381.02
5355.02
5359.52
5360.76
5356.22
5389.05
5381.72
5385.74
5352.48
5386.38
5385.52
5373.5
5374.09
5386.25
5345.97
5357.14
5365.22
5379.39
5376.23
5371.51
5365.32
5381.45
5360.99
5366.09
5352.83
5377.3
5379.89
5349.14
5352.76
5345.54
5352.28
5354.4
5350.08
5368.15
5364.9
5343.37
5368.19
5369.84
5346.39
5372.4
5368.26
5345.16
5337.14
5339.75
5362.24
5370.4
5359.05
5366.18
5375.77
5361.37
5369.06
5340.36
5341.96
5371.33
5340.07
5371.66
5339.64
5372.67
5374.76
5336.46
5344.91
5365.22
5351.2
5347.47
5334.12
5340.81
5354.92
5329.26
5357.17
5353.39
5359.18
5347.75
5340.79
5359.98
5369.24
5339.71
5366.42
5329.64
5362.43
5360.91
5333.86
5366.04
5324.69
5331.58
5330.68
5352.87
5349.01
5338.41
5333.44
5312.2
5336.09
5319.44
5327.06
5314.27
5324
5340.88
5330.32
5340.85
5332.02
5339.71
5336.63
5328.34
5312.88
5310.86
5334.94
5336.49
5331.32
5327.64
5330.24
5304.76
5347.32
5327.82
5331.27
5314.93
5340.13
5331.99
5305.82
5345.34
5304.19
5338.64
5343.64
5320.93
5326.13
5340.62
5327.37
5340.04
5317.18
5312.95
5332.29
5331.22
5328.56
5328.85
5335.15
5337.99
5304.81
5306.29
5337.96
5316.85
5319.39
5306.67
5319.23
5326.76
5307.85
5304.21
5337.93
5304.32
5320.87
5313.65
5337.02
5325.4
5324.34
5320.23
5317.67
5300.69
5327.18
5308.06
5330.79
5326.66
5311.26
5299.65
5309.22
5315.68
5324.33
5316.79
5312.68
5328.56
5303.78
5294.14
5297.57
5291.09
5313.51
5324.54
5325.37
5319.16
5291.22
5302.13
5290.35
5309.33
5326.09
5301.14
5298.76
5285.06
5286.25
5326.23
5313.18
5299.54
5286.47
5313.56
5314.82
5324.67
5314.54
5301.35
5291.48
5314.47
5313.65
5288.02
5282.46
5286.71
5279.47
5293.88
5298.68
5301.91
5280.53
5280.57
5303.18
5285.93
5306.96
5300.78
5287.07
5317.5
5288.37
5303.5
5307.71
5302.02
5311.24
5302.5
5281.8
5265.44
5291.77
5274.44
5264.23
5265.89
5277.96
5279.28
5284.61
5258.74
5296.5
5290.27
5286.24
5294.69
5257.79
5280.38
5258.52
5289.34
5279
5294.37
5284.26
5295.58
5279.08
5281.08
5258.61
5290.76
5257.1
5266.32
5271.76
5290.31
5285.57
5251.33
5251.85
5288.86
5283.42
5266.28
5267.65
5281.53
5262.81
5271.42
5272.46
5284.29
5265.25
5273.04
5256.42
5267.91
5261.55
5287.57
5275.54
5262.05
5252.45
5250.53
5256.95
5253.14
5263.46
5257.03
5271.65
5250.32
5265.01
5279.14
5264.81
5272.72
5243.72
5279.29
5283.28
5255.86
5262.31
5247.32
5269.11
5278.25
5272
5266.84
5266.2
5255.8
5257.15
5274.85
5241.88
5264.43
5264.95
5257.73
5261.78
5253.61
5246.31
5277.41
5261.01
5267.75
5263.5
5267.63
5235.6
5267.56
5253.21
5240.77
5256.48
5270.25
5248.17
5263.86
5237.26
5261.64
5260.96
5268.4
5245.63
5254.87
5240.07
5245.2
5235.22
5253.17
5241.62
5265.03
5270.09
5233.53
5244.33
5255.13
5255.66
5253.93
5250.8
5265.82
5231.02
5256.01
5241.74
5255.65
5247.43
5264.59
5238.81
5227.14
5241.31
5243.47
5249.32
5231.4
5244.18
5235.49
5248.58
5246.6
5238.08
5230.6
5219.83
5226.48
5209.32
5233.15
5222.87
5237.96
5219.02
5208.9
5243.1
5227.88
5210.02
5212.32
5225.54
5219.82
5237.44
5232.44
5227.39
5233.17
5220.43
5204.53
5222.66
5236.72
5230.6
5213.08
5224.12
5200.24
5202.68
5224.8
5226.71
5202.23
5200.84
5205.12
5205.83
5207.67
5210.85
5201.63
5206.17
5200.59
5203.49
5223.03
5208.32
5195.04
5212.3
5207.71
5223.95
5214.75
5218.7
5229.95
5205.32
5205.06
5216.49
5232.52
5205.3
5216.99
5224.32
5194.85
5222.2
5212.18
5228.34
5210.28
5225.43
5197.1
5206.77
5226.47
5192.11
5206.58
5205.62
5225.64
5187.08
5220.21
5201.97
5229.06
5219.27
5211.63
5225.96
5217.39
5206.07
5217.53
5215.73
5205.85
5224.35
5210.58
5188.94
5189.86
5186.69
5204.4
5191.23
5208.22
5219.15
5183.88
5215.56
5189.27
5199.3
5195.33
5196.97
5187.22
5184.36
5201.75
5199.3
5179.16
5200.26
5217.84
5187.33
5203.2
5183.64
5195.8
5219.04
5183.93
5189.72
5213.2
5178.68
5188.16
5193.65
5211.71
5196.71
5190.97
5177.22
5212.57
5189.3
5203.97
5181.48
5173.4
5182.5
5182.98
5176.22
5190.94
5179.78
5159.84
5193.64
5196.31
5171.51
5179.87
5174.13
5155.44
5165.72
5155.74
5171.88
5193.01
5186.88
5175.92
5192.08
5184.81
5155.12
5184.45
5178
5154.47
5157.37
5150.97
5166.72
5184.95
5186.92
5191.32
5163.88
5153.25
5172.34
5164.5
5167.18
5160.12
5161.73
5158.93
5171.23
5146.45
5170.19
5173.49
5173.46
5163.09
5170.55
5177.52
5157.42
5147.54
5181.17
5162.25
5165.33
5153.16
5161.99
5166.19
5158.68
5168.08
5165.59
5159.94
5157.25
5161.31
5158.75
5160.42
5179.47
5170.24
5158.1
5151.39
5144.95
5170.17
5142.53
5152.45
5154.54
5155.8
5152.99
5159.07
5178.3
5155.09
5170.4
5157.8
5161.8
5148.56
5159.77
5146.68
5171.82
5171.75
5149.58
5152.66
5147.96
5171.48
5138.02
5144.13
5153.77
5161.84
5143.6
5133.91
5170.97
5163.58
5156.8
5164.03
5169.88
5131.62
5143.4
5133.5
5156.89
5129.31
5153.4
5161.81
5142.31
5146.54
5128.26
5129.05
5166.72
5166.18
5125.16
5134.74
5163.98
5153.25
5124.85
5156.76
5157.57
5146.32
5161.01
5128.41
5160.47
5128.25
5142.78
5130.13
5151.57
5141.54
5160.54
5133.8
5131.64
5120.22
5129.13
5151.39
5124.35
5121.19
5106.96
5139.33
5121.23
5110.25
5136.26
5122.9
5119.14
5106.47
5140.25
5130.7
5105.05
5140.4
5102.98
5101.48
5129.7
5140.31
5125.44
5111.74
5105.16
5121.17
5132.16
5122.77
5125.58
5136.06
5110.19
5100.74
5136.03
5100.82
5128.01
5135.06
5133.99
5127.73
5094.35
5135.29
5135.08
5135.93
5125.26
5111.43
5106.43
5131.45
5105.4
5113.62
5106.41
5098.11
5110.78
5104.7
5118.75
5116.2
5101.21
5094.45
5128.42
5131.93
5091.93
5121.12
5106.08
5088.76
5125.28
5106.5
5104.96
5107.78
5091.68
5085.83
5111.58
5118.84
5101.39
5119.88
5125.18
5097.49
5122.39
5104.25
5094.99
5105.89
5112.09
5121.78
5119.26
5083.9
5089.17
5083.43
5102.47
5102.66
5089.28
5084.48
5093.24
5108.53
5111.38
5118.72
5092.28
5114.79
5084.95
5081.81
5114.96
5113.5
5108.85
5112.38
5104.9
5079.63
5089.99
5112.35
5093.31
5110.37
5106.57
5117.48
5097.7
5102.89
5096.55
5081.64
5096.27
5102.68
5101.98
5094.54
5111
5087.86
5087.18
5093.11
5086.53
5112.59
5078.21
5090.81
5111.09
5109.02
5078.9
5088.57
5087.99
5083.85
5107.35
5090.09
5099.26
5103.54
5084.27
5052.85
5085.12
5062.92
5064.19
5080.96
5057.8
5090.68
5092.02
5058.99
5065.26
5059.58
5072.77
5083.82
5068.65
5069.29
5067.64
5064.34
5066.96
5055.31
5052.81
5065.63
5067.7
5052.49
5057.18
5049.15
5070.71
5061.29
5054.03
5075.47
5051.62
5073.54
5075.1
5071.46
5071.42
5067.29
5060.48
5081.03
5067.27
5080.39
5064.54
5080.45
5044
5078.35
5068.54
5075.28
5076.69
5079.66
5071.1
5074.04
5041.08
5043.26
5062.15
5074.83
5037.16
5064.55
5050.05
5055.9
5056.45
5053.24
5077.79
5040.19
5040.54
5076.88
5042.19
5074.36
5044.93
5052.31
5061.31
5065.78
5061.45
5068.71
5065.11
5058.69
5042.99
5041.07
5054.98
5057.57
5063.06
5045.46
5037.37
5038.39
5036.09
5047.84
5065.88
5054.72
5029.18
5070.09
5060.02
5058.83
5033.62
5050.89
5054.78
5045.72
5062.8
5044.79
5059.88
5053.76
5044.88
5024.74
5060.24
5063.08
5041.27
5038.06
5037.57
5044.85
5025.16
5050.83
5054.79
5035.15
5059.44
5055.17
5037.58
5040.2
5054.69
5059.59
5021.99
5025.45
5041.79
5058.68
5021
5017.79
5021.86
5036.39
5025
5055.06
5022.32
5048.45
5021.66
5015.74
5041.83
5036.67
5002.86
5019.22
5036.97
5025.69
5024.88
5005.34
5020.71
5005.96
5028.47
5000.91
5026.63
5006.22
4999.26
5029.57
5032.89
5036.01
5002.89
5037.99
5021.89
5037.01
5008.53
5022.12
5023.14
5023.37
5027.16
5032.88
5024.13
5001.27
5004.61
4995.92
5002.35
4999.84
5019.02
5004.5
5018.95
4995.46
5027.38
4996.51
5007.06
4994.69
4991.95
5024.47
4991.12
4994.15
5001.21
5012.29
4988.08
5001.67
5014.44
5012.14
5018.91
4996.42
4989.27
5020.63
5027.26
4996.71
5010.67
4999.01
5019
5014.73
4998.33
5015.83
5010.62
5009.77
5021.8
5014.76
5006.96
5013.12
4998.04
5021.65
5008.84
5007.51
5010.84
4980.61
5003.71
5018.68
5005.24
5000.36
4995.82
5020.04
5017.5
4983.79
5006.14
4986.22
4990.89
4985.28
5003.06
4999.41
5010.58
4993.45
5012.43
4981.66
4978.27
4989.59
4987.73
4992.11
4986.89
4986.68
4995.03
4983.87
5009.53
4990.98
5008.33
4992.22
5012.49
4979.71
4976.62
4995.27
4979.45
4976.45
5002.21
4997.67
4983.98
4988.25
4990.68
5007.71
4984.93
4993.83
5001.01
4981.7
5008.33
4991.94
4972.85
4983.1
4985.06
4966.66
4998.38
5006.83
4987.24
4990.8
4951.7
4971.51
4948.27
4976.96
4977.14
4966.09
4961.08
4979.59
4984.15
4986.32
4985.31
4949.53
4955.16
4967.88
4967.36
4975.46
4976.79
4949.98
4948.55
4975.93
4942.03
4971.85
4957.39
4966.58
4974.31
4950.61
4971.29
4963.98
4971.01
4948.9
4960.09
4957.2
4968.21
4946.1
4947.11
4961.47
4942.77
4950.55
4942.88
4951.15
4946.5
4942.97
4955.26
4951.32
4961.4
4976.9
4936.24
4945.36
4936.19
4949.02
4937.24
4944.69
4967.29
4947.35
4962.22
4933.45
4938.6
4942.65
4958.04
4972.16
4948.21
4944.23
4935.34
4935.78
4941.68
4932.27
4932.71
4943.64
4962.2
4942.62
4961.02
4938.37
4933.75
4969.96
4946.04
4936.8
4951.25
4940.17
4949.09
4965.06
4944.03
4963.31
4963.5
4948.56
4935.28
4960.35
4961.38
4954.41
4959.89
4964.39
4946.62
4929.03
4937.49
4938.77
4943.09
4932.6
4938.44
4951.71
4942.79
4962.35
4936.19
4932.38
4933.4
4931.73
4952
4956.7
4925.97
4958.69
4960.91
4936.1
4947.67
4934.16
4939.26
4947.82
4955.79
4921.85
4930.55
4943.52
4932.78
4932.17
4948.1
4915.52
4921.06
4939.43
4945.73
4929.4
4943.69
4941.52
4934.98
4928.72
4912.24
4933.47
4909.17
4924.55
4912.63
4919.03
4932.63
4897
4936.87
4903.28
4927.61
4902.61
4926.58
4910.79
4935.16
4930.9
4910.97
4920.77
4892.79
4924.24
4927.27
4893.06
4908.13
4904.82
4896.85
4929.48
4912.14
4922.36
4909.24
4896.52
4891.14
4928.64
4904.82
4889.85
4909.73
4919.9
4892.26
4918.39
4923.93
4924.14
4910.7
4919.26
4907.18
4900.03
4897.82
4925.55
4907.01
4899.33
4914.12
4885.6
4908.58
4885.01
4881.95
4908.4
4919.22
4899.46
4899.28
4914.4
4921.79
4892.59
4880.62
4883.35
4893.46
4919.74
4910.11
4894.98
4894.07
4886.69
4914.23
4895.19
4918.66
4913.99
4907.73
4908.04
4915.13
4904.98
4903.3
4892.76
4884.96
4903.98
4914.05
4907.99
4892.52
4913.19
4899.3
4876
4905.32
4897.56
4875.8
4904.78
4875.14
4895.46
4873.89
4907.98
4876.81
4880.96
4908.84
4904.31
4896.29
4897.33
4876.12
4891.79
4879.33
4885.8
4906.35
4900.52
4884.95
4895.97
4868.94
4888.41
4902.99
4867.1
4905.38
4897.32
4877.29
4905.11
4898.03
4887.81
4904.71
4868.72
4877.54
4870.36
4894.81
4890.87
4874.08
4865.6
4902.23
4900.3
4899.91
4866.93
4857.4
4853.09
4854.38
4844.88
4859.81
4877.86
4852.17
4856.19
4875.19
4844.91
4847.46
4857.11
4876.84
4852.32
4871.59
4857.16
4847.96
4848.3
4873.3
4852.05
4849.47
4851.59
4869.37
4860.11
4863.67
4879.64
4846.15
4852.25
4842.1
4866.28
4853.66
4868.66
4850.5
4848.14
4850.88
4842.75
4850.81
4854.26
4870.72
4853.08
4840.18
4860.09
4844.21
4854.97
4854.22
4850.31
4836.17
4848.62
4843.94
4833.22
4849.07
4852.43
4842.8
4847.7
4868.9
4838.54
4871.65
4830.62
4830.86
4827.05
4836.93
4834.37
4845.85
4835.41
4839.24
4843.47
4852.13
4845.04
4828.7
4835.62
4864.47
4824.33
4847.12
4859.77
4830.43
4837.88
4854.91
4856.22
4843.66
4855.46
4831.85
4864.07
4825.07
4840.27
4845.67
4824.77
4830.65
4847.28
4859.17
4851.01
4841.08
4821.74
4825.54
4849.11
4828.69
4843.16
4844.19
4845.55
4825.29
4817.9
4820.28
4831.87
4841.95
4815.47
4817.62
4832.83
4842.19
4824.87
4850.53
4816.24
4849.08
4845.7
4850.19
4820.34
4814.56
4827.85
4817.83
4836.31
4812.91
4838.23
4838.49
4842.67
4837.08
4839.5
4813.36
4821.52
4839.89
4833.19
4827.79
4796.53
4815.81
4811.83
4833.39
4830.1
4803.48
4833.47
4795.84
4802.42
4832.17
4826.82
4826.61
4803.45
4814.2
4827.47
4817.99
4793.49
4826.78
4805.33
4824.63
4793.61
4787.51
4790.2
4791.1
4817.23
4819.62
4795.75
4817.74
4787.84
4823.23
4813.41
4786.98
4792.31
4807.08
4806.39
4804.95
4808.62
4812.54
4797.67
4803.67
4817.01
4796.59
4790.39
4783.52
4799.79
4794.8
4808.4
4784.35
4797.35
4797.47
4786.49
4810.16
4803.4
4809.77
4788.32
4801.33
4782.61
4781.83
4804.82
4800.56
4810.91
4791.93
4794.11
4777.25
4800.42
4804.01
4803.47
4795.04
4801.21
4793.73
4810.83
4794.44
4775.53
4788.83
4813.71
4809.15
4796.73
4782.29
4796.03
4779.73
4797.37
4800.74
4809.39
4811.15
4771.17
4778.97
4774.28
4788.43
4777.24
4786.54
4794.81
4797.45
4790.75
4781.89
4806.61
4782.58
4779
4780.29
4772.09
4792.41
4775.08
4798.11
4785.98
4779.04
4783.72
4788.31
4767.59
4805.76
4776.05
4797.48
4802.55
4763.86
4770.22
4769.54
4792.52
4766.16
4777.48
4764.42
4790.55
4786.85
4762.45
4777.56
4769.72
4761.85
4785.42
4793.14
4765.64
4800.84
4775.59
4792.17
4777.1
4782.58
4762.45
4757.76
4762.4
4775.64
4751.13
4767.39
4756.2
4782.59
4767.95
4744.61
4756.43
4781.39
4756.41
4777
4741.96
4757.75
4752.53
4743.31
4738.4
4776.21
4740.5
4777.59
4750.71
4736.62
4747.88
4742.66
4753.31
4765.43
4763.78
4766.15
4754.68
4773.38
4770.89
4766.81
4755.25
4734.99
4770.26
4756.36
4762.36
4742.96
4749.91
4751.45
4747.35
4748.49
4741.71
4740.12
4760.8
4753.21
4757.92
4768.67
4738.88
4751.56
4757.07
4749.47
4744.74
4744.59
4749.37
4732.82
4739.17
4730.39
4737.1
4739.11
4740.5
4739.21
4766.98
4736.76
4738.68
4735.63
4723.87
4753.5
4742.24
4742.38
4755.72
4762.7
4738.4
4724.85
4754.8
4737.3
4738.5
4736.21
4743.16
4736.08
4730.73
4747.81
4737.72
4730.24
4751.11
4750.56
4732.28
4747.79
4738.66
4751.94
4750.85
4752.55
4744.95
4723.93
4729.54
4715.25
4717.93
4726.65
4755.97
4716.54
4713.18
4742.62
4729.19
4714.62
4731.94
4729.53
4750.38
4719.11
4738.05
4728.59
4743.37
4731.12
4747.78
4737.61
4737.36
4718.19
4722.28
4737.55
4708.92
4709.45
4737.13
4728.77
4747.17
4739.21
4726.72
4726.22
4699.02
4695.46
4733.89
4723.07
4706.6
4711.25
4730.88
4699.14
4719.49
4713.05
4694.53
4723.73
4696.64
4713.91
4702.27
4698.06
4722.01
4715.43
4708.08
4722.75
4712.99
4713.49
4695.79
4720.61
4699.27
4685.56
4712.35
4720.16
4716.51
4690.13
4702.98
4705.84
4684.55
4684.16
4695.67
4715.28
4722.25
4700.72
4689.75
4719.3
4687.86
4689.68
4689.71
4690.87
4680.71
4690.14
4699.38
4713.6
4694.16
4694.42
4694.66
4718.29
4682.42
4688.63
4713.1
4678.72
4690.21
4681.37
4679.36
4695.74
4697.29
4699.88
4706.12
4708.67
4715.72
4679.53
4676.55
4703.21
4696.79
4684.15
4693.56
4712.45
4687.94
4709.81
4678.78
4674.43
4675.56
4704.93
4676.46
4703.15
4702.8
4672.02
4671.63
4700.05
4699.54
4680.93
4681.57
4707.86
4669.74
4668.23
4675.27
4675.7
4683.39
4667.39
4674.29
4690.2
4687.56
4701.9
4685.17
4678.4
4685.15
4679.79
4693.99
4686.72
4668.68
4680.04
4698.76
4672.75
4698.56
4686.83
4686.7
4661.02
4681.37
4695.89
4677.61
4663.62
4663.79
4667.79
4664.85
4681.58
4695.64
4690.63
4666.75
4676.02
4683.87
4658.57
4664.05
4668.9
4662.07
4683.8
4655.81
4677.79
4655.59
4681.19
4671.72
4649.69
4656.98
4646.56
4644.07
4665.91
4669.82
4647.74
4638.21
4656.29
4659.69
4649.35
4671.61
4641.25
4655
4659.75
4663.89
4650.59
4636.04
4644.53
4667.27
4647.35
4653.42
4646.5
4637.32
4642.59
4669.79
4632.26
4639.63
4655.35
4670.45
4657.5
4666.44
4645.75
4661.01
4655.39
4643.56
4656.84
4651.48
4637.28
4631.66
4629.94
4652.22
4636.47
4636.57
4641.36
4631.2
4632.57
4646.02
4626.53
4666.17
4626.01
4625.03
4638.08
4634.52
4654.68
4663.33
4637.48
4634.22
4661.79
4630.35
4651.29
4658.1
4652.2
4627.13
4641.54
4640.83
4626.54
4656.65
4635.8
4637.4
4655.25
4654.6
4652.12
4625.83
4634.15
4625.42
4659.68
4627.7
4617.32
4645.24
4646.97
4643.68
4619.58
4637.31
4619.27
4656.72
4655.85
4655.57
4619.34
4617.12
4645.86
4636.84
4626.64
4626.74
4639.06
4639.08
4627.57
4635.5
4620.15
4633.41
4641.91
4633.79
4611.66
4644.54
4645.97
4615.68
4650.72
4624.35
4620.53
4636.52
4617.51
4615.01
4617.12
4639.87
4648.06
4610.97
4615.19
4625.82
4646.83
4629.08
4629.4
4608.59
4630.34
4620.31
4624.69
4625.95
4589.5
4622.25
4627.39
4607.52
4629.41
4611.64
4599.49
4616.37
4602.71
4604.24
4620.69
4628.17
4607.19
4598.97
4617.67
4589.26
4618.17
4601.26
4595.08
4605.78
4623.99
4597.81
4591.86
4587.61
4593.93
4593.31
4594.13
4601.61
4615.29
4586.84
4617.7
4601.11
4597.17
4610.26
4592.35
4584.95
4616.83
4601.5
4586.57
4616.38
4619.69
4589.35
4582.2
4581.82
4579.37
4581.25
4602.51
4612.31
4593.1
4613.75
4595.89
4594.06
4596.07
4582.66
4577.03
4584.33
4581
4575.47
4613.12
4581.33
4600.13
4592.46
4572.32
4610.75
4604.12
4571.68
4581.79
4587.78
4599.88
4592.01
4603.96
4581.42
4576.39
4575.82
4581.29
4578.18
4582.34
4590.11
4593.83
4598.21
4579.49
4580.31
4581.31
4568.31
4604.35
4571.48
4571.51
4582.8
4575.93
4580.99
4581.07
4602.9
4583.14
4576.59
4579.77
4595.04
4596.82
4586.05
4574.79
4562.19
4578.77
4600.9
4587.08
4585.5
4600.59
4569.92
4571.4
4592.69
4574.74
4585.11
4587.92
4578.71
4587.72
4599.1
4578.78
4574.78
4593.46
4560.59
4566.21
4569.24
4588.46
4562.72
4592.6
4582.77
4559.86
4593.3
4570.69
4559.47
4567.89
4568.8
4549.36
4560.11
4542
4555.71
4544.6
4560.3
4545.87
4540.48
4556.14
4571.14
4564.05
4565.07
4552.32
4548.73
4575.35
4540.49
4559.52
4568.32
4568.36
4567.51
4569.88
4573.74
4566.13
4570.5
4552.28
4557.75
4532.72
4550.16
4566.19
4562.57
4558.91
4544.38
4562.18
4543.41
4553.32
4558.2
4562.85
4543.14
4527.34
4559.78
4542.24
4532.62
4533.49
4553.52
4558.46
4532.66
4554.27
4525.23
4539.97
4525.05
4555.06
4554.75
4540.32
4560.6
4546.41
4556.87
4533.61
4537.33
4546.34
4525.18
4560.99
4548.73
4558.51
4537.1
4537.96
4536.4
4522.48
4546.08
4532.17
4536.98
4546.96
4554.82
4559.16
4552.61
4518.87
4553.02
4518.75
4558.07
4525.5
4521.13
4546.35
4543.68
4547.02
4531.45
4535.75
4552.31
4526.4
4539.8
4530.09
4519.82
4537.11
4521.2
4546.56
4522.96
4538.97
4543.99
4528.93
4516.76
4524.14
4515.01
4531.39
4515.02
4511.85
4507.74
4532.35
4510.95
4511.29
4539.27
4545.84
4527.62
4546.1
4533.44
4518.95
4521.99
4528.31
4541.4
4515.92
4510.91
4533.73
4541.8
4505.81
4531.48
4513.95
4544.85
4533.5
4514.14
4529.28
4517.32
4517.52
4525.03
4518.95
4508.69
4516.41
4502.96
4514.28
4491.67
4501.12
4503.31
4503.62
4501.35
4486.25
4501.89
4506.52
4493.32
4484.44
4504.28
4485.13
4502.09
4505.08
4491.98
4504.47
4483.77
4482.33
4499.86
4487.21
4507.48
4494.93
4492.54
4507.67
4513.37
4484.5
4507.6
4505.73
4477.8
4478.39
4497.19
4498.67
4483.55
4481.44
4513.73
4495.72
4512.85
4506.37
4497.23
4475.83
4474.34
4492.11
4493.54
4507.89
4476.02
4476
4475.96
4514.32
4491.8
4505.26
4502.36
4470.62
4470.75
4482.73
4470.12
4471.75
4507.4
4497.56
4503.5
4499.08
4474.22
4481.11
4481.23
4507.89
4498.35
4498.93
4507.58
4495.05
4484.94
4465.89
4483.73
4500.56
4495.26
4475.34
4491.58
4468.34
4500.31
4469.21
4481.96
4492.22
4480.74
4475.3
4486.58
4470.35
4485.59
4472.82
4484.28
4474.88
4479.33
4460.67
4461.71
4468.78
4492.6
4471.73
4484.87
4488.74
4459.76
4470.33
4465.66
4482.22
4476.67
4479.21
4458.8
4458.43
4497.47
4488.82
4474.91
4485.76
4475.64
4456.31
4484.05
4489.05
4475.3
4486.68
4479.79
4488.15
4467.17
4466.75
4491.77
4461.87
4458.99
4481.4
4450.8
4476.23
4459.76
4451.04
4464.69
4476.92
4440.15
4439.36
4455.51
4464.11
4435.62
4467.86
4442.51
4462.1
4447.87
4463.59
4438.12
4443.14
4431.1
4471.9
4452.99
4430.68
4444.22
4444.22
4433.92
4460.42
4450.19
4447.94
4433.36
4442.65
4468.01
4447.94
4437.51
4437.35
4464.46
4433.96
4441.36
4425.97
4428.34
4434.28
4428.64
4425.37
4440.23
4448.54
4452.14
4425.53
4422.22
4449.59
4434.68
4434.56
4431.15
4422.58
4430.6
4448.28
4460.73
4425.53
4460.63
4422.12
4439.01
4425.16
4448.85
4417.91
4429.3
4453.43
4452.19
4432.8
4428.54
4436.49
4456.66
4422.38
4440.02
4446.09
4423.46
4435.01
4436.78
4434.37
4450.76
4442.4
4441.67
4430
4452.11
4414.62
4443.17
4450.43
4430
4449.67
4441.49
4448.22
4420.32
4440.2
4423.28
4411.94
4425.01
4422.98
4421.98
4410.02
4426.01
4422.41
4426.33
4440.05
4416.93
4413.55
4441.52
4406.44
4448.12
4409.56
4417.69
4435.29
4417.07
4445.05
4446.32
4424.58
4411.64
4408.09
4443.9
4406.6
4438.41
4422.74
4423.83
4440.69
4438.13
4404.86
4439.49
4418.4
4422.8
4425.3
4427.43
4419.54
4434.56
4426.55
4404.7
4436.83
4400.9
4389.75
4420.9
4392.58
4416.41
4409.77
4387.11
4384.58
4409.77
4408.98
4416.9
4392.75
4415.4
4406.82
4383.5
4415.15
4382
4384.59
4400.38
4398.74
4416.89
4399.81
4385.74
4405.12
4392.54
4379.85
4378.34
4376.45
4393.15
4385.9
4387.26
4415.6
4374.79
4405.9
4401.04
4373.16
4379.48
4402.02
4412.48
4390.86
4390.75
4397.38
4394.48
4372.34
4392.64
4385
4383.87
4392.8
4387.38
4409.75
4396.28
4367.99
4398.05
4409.27
4367.44
4408.15
4405.95
4382.89
4399.87
4379.38
4375.45
4397.34
4380.67
4374.64
4371.81
4387.31
4395.44
4366.66
4375.32
4370.4
4404.4
4379.26
4377.36
4375.33
4389.42
4372.82
4396.23
4389.96
4373.96
4382.28
4393.85
4366.17
4384.95
4367.61
4387.97
4396.89
4364.02
4374.45
4367.78
4362.68
4376.2
4368.38
4390.88
4370.73
4370.91
4359.79
4381.63
4370.24
4389.22
4374.53
4395.17
4377.52
4394.13
4376.8
4392.46
4363.57
4355.34
4364.78
4369.21
4370.86
4369.59
4357.23
4376.13
4376.44
4354.56
4388.06
4372.23
4370.55
4377.44
4355.71
4348.62
4362.82
4378.32
4369.19
4373.45
4386.5
4386.69
4352.33
4367.9
4380.46
4346.6
4334.45
4332.81
4350.95
4359.67
4344.08
4342.73
4344.68
4334.28
4352.84
4366.21
4362.18
4353.87
4349.62
4378.3
4383.29
4374.99
4357.5
4363.63
4360.41
4354.4
4391.25
4382.53
4367.6
4352.08
4385.71
4367.71
4374.24
4374.01
4370.37
4368.91
4386.42
4351.93
4358.47
4358.41
4351.39
4383.5
4350.96
4360.47
4376.21
4373.02
4353.7
4359.49
4359.04
4348.72
4371.78
4357.82
4361.83
4369.95
4356.67
4375.58
4345.13
4352.96
4352.7
4368.73
4372.24
4368.16
4376.72
4379.31
4353.34
4341.57
4372.61
4376.77
4346.23
4361.26
4366.08
4377.81
4369.59
4358.21
4347.69
4358.45
4366.6
4343.4
4350.14
4369.85
4366.52
4364.34
4347.5
4353.51
4340.65
4374.55
4351.94
4369.59
4358.3
4353.93
4356.3
4358.47
4371.71
4364.92
4349.25
4334.83
4367.68
4351.73
4357.18
4347.11
4345.42
4360.14
4359.91
4346.53
4347.98
4341.47
4363.36
4348.95
4350.79
4356.97
4355.3
4336.26
4365.66
4360.08
4351.41
4335.09
4347.78
4364.01
4359.9
4325.38
4323.8
4358.54
4326.95
4343.77
4357.33
4358.83
4351.82
4355.14
4328.02
4356.32
4359.41
4339.72
4337.53
4338.95
4340.53
4344.28
4343.06
4346.05
4354.66
4314.28
4347.17
4354.05
4337.36
4331.06
4315.17
4342.1
4356.24
4373.17
4358.4
4339.11
4347.32
4358.3
4341.02
4358.73
4345.33
4370.56
4339.33
4348.19
4333.6
4360.71
4368.08
4333.36
4349.89
4369.51
4368.25
4344.78
4350.4
4345.75
4355.86
4354.73
4364.14
4359.71
4339.93
4361.87
4340.2
4354.44
4343.3
4342.54
4341.29
4345.74
4337.71
4349.76
4365.26
4349.79
4370.06
4362.71
4380.29
4361.25
4371.37
4369.15
4366.73
4365.17
4382.93
4375.79
4373.42
4364.17
4353.51
4358.6
4346.38
4370.29
4376.99
4362.77
4343.21
4366.99
4350.41
4366.96
4347.4
4368.18
4358.63
4348.08
4343.74
4338.97
4353.62
4367.76
4362.2
4376.45
4360.05
4378.15
4383.92
4385.65
4358.19
4392.54
4375.73
4388.6
4370.95
4385.85
4366.25
4389.13
4387.82
4381.5
4364.96
4365.24
4372.61
4383.86
4371.73
4382.69
4381.81
4390.98
4386.3
4354.49
4364.58
4361.1
4392.95
4351.44
4366.41
4363.6
4384.18
4368.67
4381.12
4364.96
4373.46
4357.48
4372.83
4355.43
4374.11
4389.1
4376.19
4358.31
4380.48
4345.71
4369.81
4352.35
4378.85
4383.25
4378.48
4335.19
4360.73
4339.59
4336.68
4374.81
4369.16
4378.29
4376.08
4372.94
4353.69
4350.44
4378.99
4354.28
4377.22
4371.43
4339.11
4336.04
4348.55
4373.78
4372.32
4361.99
4364.55
4345.76
4357.36
4370.72
4373.87
4338.36
4340.45
4358.89
4333.71
4339.04
4372.36
4357.99
4332.01
4356.64
4351.25
4343.13
4348.99
4356.42
4329.57
4344.44
4356.25
4368.31
4330.92
4365.72
4356.44
4357.76
4329.26
4362.58
4334.89
4331.31
4353.37
4380.32
4376.59
4368.63
4385.17
4409.87
4407.69
4381.08
4379.05
4371.8
4371.01
4369.7
4407.89
4395.37
4380.61
4365.49
4399.75
4406.01
4372.64
4380.18
4400.25
4371.56
4373.95
4367.58
4383.56
4366.86
4373.37
4366.23
4402.6
4371.41
4385.19
4373.58
4364.5
4360.64
4383.68
4359.24
4396.91
4364.47
4362.68
4378.65
4379.88
4363.61
4380.79
4392.8
4382.66
4418.57
4387.54
4397.49
4415.87
4383.87
4395.85
4404.44
4394.02
4406.53
4397.71
4415.76
4385.38
4412.22
4399.61
4383.98
4411
4410.31
4392.34
4407.32
4394.99
4401.68
4386.99
4386.79
4390.37
4391.74
4378.4
4395.13
4401.3
4405.67
4371.31
4405.5
4409.7
4378.15
4383.48
4381.23
4378.25
4370.93
4387.19
4378.62
4355.48
4375
4377.37
4427.39
4408.58
4396.94
4405.54
4390.35
4414.01
4423.65
4411.07
4388.58
4383
4384.7
4390.64
4391.95
4383.56
4390.36
4407.25
4406.2
4416.56
4393.33
4417.35
4398.42
4408.45
4409.42
4389.42
4384.43
4401.71
4406.14
4419.88
4389.4
4407.8
4396.88
4396.67
4428.85
4415.07
4412.91
4386.99
4392.74
4409.49
4394.46
4408.89
4406.97
4418.04
4385.42
4404.37
4387.35
4400.72
4447.87
4406.16
4408.58
4409.42
4414.13
4441.97
4426.26
4428.9
4407.12
4414.27
4432.67
4416.19
4404.62
4434.56
4428.38
4402.33
4408.94
4420.69
4442.59
4415.07
4432.18
4426.8
4431.05
4428.38
4423.25
4400.6
4440.31
4431.74
4431.67
4412.7
4410.28
4426.32
4435.72
4402.89
4437.23
4431.95
4424.95
4422.63
4456.22
4455.73
4450.46
4454.94
4447.83
4453.13
4425.12
4431.91
4417.51
4436.02
4423.99
4442.06
4416.18
4452.31
4421.68
4454.33
4429.45
4419.68
4418.28
4453.37
4449.49
4413
4450.25
4431.83
4417.52
4424.24
4428.13
4418.77
4433.16
4423.9
4424.02
4432.14
4410.37
4438.31
4418.5
4420.63
4434.79
4426.23
4404.33
4430.57
4404.1
4401.02
4418.83
4429.4
4426.26
4429.61
4428.17
4421.83
4429.14
4422.28
4401.5
4427.88
4414.22
4419.36
4396.9
4389.81
4429.99
4409.05
4426.91
4417.85
4397.64
4432.41
4415.96
4425.19
4397.52
4406.41
4423.94
4412.27
4402.94
4404.5
4426.64
4425.86
4427.93
4414.62
4409.28
4394
4399.37
4411.31
4395.29
4411.95
4398.24
4391.8
4403.98
4416.51
4409.52
4394.06
4408
4411.21
4395.62
4404.78
4416.93
4421.79
4395.3
4408.78
4392.21
4395.43
4405.26
4391.59
4403.83
4408.11
4389.46
4423
4408.1
4390.05
4418.65
4385.21
4406.11
4387.85
4385.4
4391.62
4408.11
4385.45
4386.4
4390.13
4423.83
4407.24
4390.52
4423.35
4410.71
4415.12
4417.03
4398.97
4398.09
4398.87
4411.39
4402.14
4392.16
4379.65
4418.11
4378.54
4410.18
4384.38
4391.89
4407.71
4407.23
4408.99
4392.51
4395.82
4398.3
4401.52
4391.06
4376.5
4386.49
4403.72
4390.78
4383.1
4414.69
4414.02
4400.01
4389.91
4377.08
4387.91
4385.24
4370.79
4406
4401.31
4378.97
4377.15
4393.2
4373.16
4402.78
4373.41
4381.31
4370.71
4386.25
4406.13
4409.17
4389.2
4384.39
4357.95
4352.55
4370.42
4388.73
4380.84
4388.84
4369.83
4353.99
4360.35
4384.57
4376.62
4381.73
4385.36
4366.22
4366.22
4363.98
4363.24
4379.28
4355.01
4372.39
4372.71
4369.31
4384.27
4354.29
4383.85
4370
4354.62
4368.62
4350.09
4348.75
4361.89
4379.03
4369.79
4377.96
4383.08
4380.88
4361.69
4350.63
4351.4
4353.8
4374.14
4351.28
4370.81
4356.84
4365.54
4366.37
4343.94
4354.56
4349.9
4374.78
4337.89
4365.21
4355.34
4344.37
4367.41
4349.22
4351.86
4344.17
4357.13
4364.04
4367.47
4360.39
4333.84
4354.99
4350.18
4374.59
4332.82
4341.26
4346.66
4370.03
4362.14
4364.94
4339.25
4338.74
4370.64
4358.68
4345.69
4347.76
4371.36
4329.8
4366.37
4341.03
4352.76
4354.49
4351.83
4353.86
4352.38
4349.24
4345.46
4352.96
4341.06
4327.83
4353.7
4339.37
4360.4
4359.35
4350.4
4329.69
4340.46
4355.81
4333.45
4328.32
4362.25
4334.02
4326.99
4347.86
4327.28
4359.81
4323.01
4328.92
4320.27
4327.52
4342.61
4326.8
4345.13
4329.67
4353.9
4349.18
4324.61
4336.34
4337.63
4330.97
4335.18
4321.91
4326.72
4328.6
4355.63
4322.73
4321.35
4324.47
4315.64
4308.64
4336.02
4331.89
4315.93
4314.68
4302.61
4322.64
4306.02
4327.45
4322.91
4299.71
4334.6
4319.01
4311.29
4322.66
4308.65
4297.37
4300.57
4309.3
4326.72
4315.63
4302.46
4296.07
4327.67
4313.63
4334.61
4311.26
4313.06
4305.41
4308.93
4311.86
4302.37
4330.23
4301.07
4320.99
4319.74
4306.11
4310.82
4324.66
4328.6
4309.18
4315.03
4296.68
4310.85
4328.1
4309.35
4290.99
4298.18
4297.62
4294.4
4326.92
4285.82
4301.06
4313.79
4293.7
4317.77
4322.28
4316.1
4306.03
4310.13
4286.62
4315.03
4314.69
4286.8
4291.73
4291.31
4304.02
4319.53
4301.53
4313.4
4289.42
4297.33
4283.4
4313.1
4304.2
4309.83
4320.36
4319.39
4298.75
4281.49
4307.42
4314.47
4318.26
4289.53
4304.6
4307.83
4305.52
4308.55
4280.39
4279.18
4297.7
4276.49
4291.9
4300.31
4297.69
4292.74
4293.95
4293.38
4286.65
4286.56
4299.97
4313.47
4296.63
4305.72
4280.02
4283.94
4307.3
4281.09
4270.18
4271.42
4288.04
4295.59
4288.97
4306.11
4303.75
4294.57
4282.58
4282.26
4271.97
4286.65
4300.94
4292.43
4293.65
4292.84
4268.01
4298
4289.07
4298.11
4274.67
4266.25
4253.32
4257.05
4272.95
4262.55
4249.84
4259.05
4282.61
4283
4266.66
4275.65
4257.33
4265.34
4272.46
4257.95
4249.66
4276.87
4253.15
4283.66
4258.6
4271.35
4284.92
4261.19
4244.09
4274.33
4245.23
4265.73
4249.2
4261.59
4279.69
4256.98
4254.5
4249.84
4257.13
4252.64
4274.26
4280.45
4272.17
4251.82
4245.37
4237.47
4246.3
4263.64
4249.55
4252.15
4256.87
4273.5
4253.38
4236.44
4273.2
4235.9
4255.31
4238.81
4253.79
4244.07
4248.71
4256.61
4235.34
4263.82
4258.44
4260.11
4232.03
4242.43
4241.78
4234.77
4259.27
4251.66
4244.67
4252.47
4256.21
4256.53
4231.37
4251.78
4242.27
4252.32
4246.56
4254.43
4241.83
4232.14
4244.6
4232.75
4265.53
4230.32
4236.62
4225.98
4263.97
4244.18
4249.61
4239.59
4257.69
4245.29
4225.54
4244.94
4252.21
4259.41
4237.82
4226.09
4245.19
4234.18
4226.76
4252.7
4243.95
4222.91
4258.66
4229.33
4244.49
4242.11
4235.83
4221.26
4240
4256.76
4258.36
4256
4237.49
4246.44
4255.51
4223.24
4239.51
4250.3
4251.61
4232.34
4219.74
4253.7
4241.41
4250.93
4218.88
4216.95
4228.6
4223.66
4202.17
4216.84
4231.36
4199.8
4236.4
4207.09
4234.02
4207.95
4229.9
4227.89
4227.4
4211.84
4228.81
4220.38
4222.41
4223.82
4234.34
4202.38
4229.36
4205.07
4193.44
4225.4
4224.56
4209.93
4196.62
4191.07
4205.08
4204.84
4211.04
4192.08
4203.31
4222.77
4190.77
4197.3
4199.21
4221.05
4210.11
4194.03
4190.51
4194.41
4203.49
4190.32
4211.2
4222.63
4206.42
4190.07
4197.79
4217.66
4207.65
4197.59
4213.05
4209.15
4211.6
4210.08
4182.35
4187.27
4183.22
4199.05
4198.84
4189.64
4208.72
4193.98
4186.61
4215.55
4202.96
4188.43
4185.14
4211.53
4205.23
4186.86
4206.24
4222.88
4201.76
4234.98
4215.65
4209.14
4232.15
4228.89
4235.67
4221.76
4213.83
4209.69
4227.38
4225.39
4216.38
4225.79
4231.69
4212.37
4197.66
4213.85
4200.06
4207.16
4230.51
4216.63
4194.1
4230.93
4202.08
4209.25
4213.88
4230.93
4195.83
4204.19
4213.46
4226.67
4228.64
4208.18
4228.35
4211.83
4209.19
4208.56
4223.15
4195.11
4224.18
4206.94
4214.59
4212.73
4200.85
4213.58
4196.65
4216.93
4210.31
4199.28
4202.84
4205.34
4188.89
4193.54
4192.85
4221.81
4206.44
4212.68
4201.12
4191.1
4176.58
4205.78
4181.17
4198.94
4197.11
4191.65
4168.68
4180.46
4208.63
4190.77
4192.42
4203.89
4174.87
4169.06
4204.13
4206.96
4190.49
4165.82
4171.54
4166.59
4198.19
4183.75
4204.17
4199.22
4169.72
4193.94
4195.56
4202.31
4171.11
4181.63
4181.26
4176.18
4184.64
4198.65
4172.86
4188.91
4166.37
4201.29
4199.42
4177.34
4163.32
4167.99
4163.51
4161.3
4194.3
4161.01
4175.78
4169.19
4160.38
4159.43
4178.16
4162.5
4160.5
4156.51
4188.77
4163.9
4183.49
4153.77
4189.95
4155.34
4168.99
4185.2
4172.26
4163.62
4192.88
4185.42
4176.56
4154.36
4166.97
4160.65
4186.35
4171.32
4185.96
4177.16
4168.65
4158.04
4187.37
4160.85
4175.56
4171.8
4148.64
4168.39
4187.36
4171.37
4184.28
4179.37
4174.52
4169.27
4174.96
4171.07
4172.21
4165.3
4178.19
4171.34
4162.47
4177.76
4153.58
4145.06
4151.06
4161.25
4153.42
4158.48
4161.33
4181.31
4169.96
4144
4179.34
4166.53
4168.09
4147.72
4150.23
4176.87
4148.31
4165.98
4162.23
4160.71
4161.16
4170.64
4147.75
4148.25
4147.5
4144.85
4140.01
4147.97
4167.56
4141.18
4163.95
4150.31
4151.95
4146.07
4125.27
4142.77
4143.66
4140.91
4154.33
4133.19
4140.97
4154.54
4124.95
4140.71
4150.89
4134.94
4128.68
4138.18
4168.51
4174.96
4141.34
4185.62
4199.35
4193.68
4193.5
4183.85
4166.52
4183.7
4172.12
4190.17
4164.37
4182.97
4193.21
4174.17
4195.81
4182.24
4193.53
4193.48
4160.27
4168.95
4162.61
4159.17
4168.73
4163.32
4170.05
4183.31
4181.94
4169.32
4156.17
4180.9
4179.9
4186.94
4151.17
4182.83
4162.81
4166.21
4185.05
4165.49
4176.73
4177.06
4159.58
4176.97
4184.57
4160.55
4185.71
4177.41
4183.43
4182.62
4145.46
4180.79
4161.43
4163.4
4168.85
4167.15
4159.4
4148.35
4149.6
4182.46
4174.8
4151.19
4143.16
4143.27
4145.58
4174.58
4156.2
4158.01
4156.27
4174.79
4172.82
4161.08
4174.62
4171.51
4150.37
4143.53
4175.61
4151.95
4157.73
4158.93
4144.35
4141.78
4178.32
4150.56
4142.85
4174.82
4162.27
4139.22
4141.24
4141.79
4158.85
4158.75
4152.29
4150.27
4146.74
4140.09
4155.36
4170.03
4169.46
4147.67
4136.05
4167.87
4167.76
4135.06
4145.07
4156.99
4141.41
4143.6
4155.02
4161.46
4163.66
4152.53
4167.41
4162.07
4144.74
4128
4147.71
4123.2
4119.1
4125.32
4146.91
4111.25
4137.9
4150.24
4151.46
4129.18
4143.93
4126.99
4121.04
4118.58
4169.8
4172.01
4160.3
4189.12
4183
4160.59
4174.33
4164.12
4162.41
4173.1
4172.9
4184.58
4184.47
4156.87
4152.62
4190.86
4185.24
4173.05
4166.38
4156.96
4180.05
4170.59
4160.66
4158.56
4147.61
4149.09
4166.77
4159.95
4158.62
4151.78
4181.21
4158.99
4163.32
4161.94
4191.02
4169.16
4190.83
4184.21
4174.13
4249.44
4252.45
4279.68
4244.25
4273.64
4265.73
4257.01
4243.78
4277.8
4264.79
4265.91
4256.96
4242.35
4245.48
4248.41
4242.89
4273.01
4266.14
4238.59
4260.39
4267.84
4236.59
4262.62
4246.81
4235.8
4259.14
4248.1
4266.17
4271.35
4279.22
4301.72
4313.37
4308.61
4305.9
4290.85
4292.65
4280.75
4310.7
4315.51
4306.67
4298.16
4309.1
4309.93
4325.11
4324.49
4312.19
4296.27
4330.56
4326.29
4329.33
4317.67
4328.05
4318.18
4303.96
4310.86
4321.88
4311.51
4323.59
4306.25
4304.15
4292.46
4294.13
4312.37
4314.65
4300.5
4320.43
4322.52
4323.61
4296.62
4292.49
4294.4
4298.4
4309.88
4297.46
4289.81
4286.28
4276.86
4273.27
4291.89
4286.65
4273.73
4299.42
4310.87
4301.81
4294.99
4300.79
4301.94
4285.32
4299
4309.16
4298.31
4279.13
4306.5
4271.95
4295.56
4315.77
4304.6
4313
4303.59
4300.15
4304.31
4295.1
4319.95
4292.28
4314.06
4294.48
4308.01
4307.12
4289.76
4308.52
4285.02
4333.95
4341.53
4346.29
4310.3
4341.06
4341.77
4338.95
4331.94
4315.91
4316.48
4328.13
4303.84
4336.32
4323.28
4316.38
4317.1
4313.94
4304.06
4331.65
4313.24
4401.34
4396.61
4406.16
4405.82
4382.95
4410.82
4390.5
4393.31
4389.02
4395.49
4406.83
4376.87
4411.34
4388.9
4396.97
4371.36
4403.39
4421.63
4387.34
4403.94
4391.84
4402.35
4411.96
4391.84
4422.41
4409.98
4407.63
4397.73
4411.02
4390.43
4393.07
4420.05
4405.23
4399.8
4409.5
4409.58
4421.97
4384
4393.65
4389.88
4380.9
4412.43
4393.5
4420.61
4391.76
4414.61
4409.21
4383.44
4415.89
4388.72
4398.36
4410.16
4394.55
4394.46
4400.35
4385.71
4388.37
4401.64
4397.15
4381.44
4404.39
4415.95
4379.12
4400.88
4383.25
4373.86
4408.99
4377.47
4410.31
4412.84
4383.41
4405.83
4413.32
4394.03
4381.17
4359.61
4392.88
4395.67
4380.36
4398.22
4414.67
4378.75
4381.35
4418.39
4401.54
4404.01
4405.31
4382.28
4380.91
4377.57
4381.15
4405.08
4399.17
4377.33
4399.38
4396.95
4392.03
4379.97
4406.15
4408.4
4385.47
4382.3
4397.11
4393.49
4388.31
4383.69
4389.86
4401.69
4391.37
4388.97
4400.89
4397.92
4435.04
4430.94
4414.45
4397.43
4415.88
4405.42
4414.34
4405.51
4394.83
4393.63
4402.35
4421.54
4414.6
4422.15
4408.71
4416.04
4423.9
4430.69
4430.39
4471.01
4469.43
4454.75
4487.71
4486.67
4488.81
4481.62
4473.11
4485.7
4471.16
4450.54
4456.42
4473.32
4453.91
4470.54
4483.2
4460.24
4503.3
4476.74
4496.98
4485.6
4499.05
4485.31
4510.44
4529.18
4496.54
4528.44
4494.85
4545.82
4523.59
4552.31
4524.41
4545.06
4529.63
4546.75
4514.54
4513.56
4546.07
4518.13
4513.59
4524.45
4533.96
4526.87
4546.54
4520.04
4508.83
4537
4536.35
4517.69
4533.12
4522.76
4530.53
4521.95
4528.06
4532.14
4534.08
4521.29
4543.91
4537.75
4514.57
4535.41
4523.42
4542.68
4505.63
4509.05
4515.47
4509.27
4502.45
4538.05
4531.78
4539.36
4541
4514.02
4492.33
4518.81
4517.61
4511.15
4495.44
4513.95
4485.35
4524.74
4507
4498.59
4517.89
4492.3
4522.91
4486.32
4508.57
4509.58
4492.96
4515.75
4511.31
4510.47
4507.56
4511.33
4482.06
4509.59
4508.84
4519.07
4487.27
4505.93
4503.98
4509.6
4532.1
4511.12
4527.79
4507.04
4504.48
4512.23
4540.16
4514.53
4538.08
4529.9
4511.44
4501.71
4498.64
4501.28
4512.75
4525.21
4500.38
4522.35
4516.7
4518.63
4496.02
4523.25
4517.71
4533.66
4525.81
4494.07
4517.28
4520.28
4613.73
4611.44
4594.2
4604.37
4598.01
4579.11
4602.99
4583.76
4607.08
4614.41
4586.54
4576.53
4581.8
4620.13
4612.3
4611.8
4603.38
4605.64
4596.77
4601.7
4614.79
4602.7
4602.4
4594.57
4615.09
4607.83
4590.11
4610.75
4633.81
4628.59
4635.68
4629.49
4644.43
4622.48
4641.69
4640.53
4635.5
4640.07
4626.38
4642.9
4651.69
4638.09
4640.09
4640.84
4668.17
4675.45
4658.87
4669.25
4634.76
4642.14
4637.61
4671.76
4659.24
4655.36
4641.7
4661.92
4672.5
4642.12
4648.49
4660.99
4637.25
4667.31
4650.59
4652.39
4640.66
4660.4
4651.51
4648.01
4660.29
4633.27
4647.49
4658.41
4636.82
4664.59
4658.56
4667.73
4643.23
4692.81
4710.27
4675.05
4711.33
4729.38
4716.41
4705.03
4739.14
4752.18
4762.44
4747.73
4727.22
4754.33
4751.44
4732.77
4758.92
4763.96
4779.58
4773.7
4773.29
4807.62
4821.47
4798.61
4846.94
4844.51
4837.32
4874.49
4889.32
4895.79
4921.13
4893.03
4898.98
4915
4905.52
4893.2
4926.52
4898.23
4925.45
4921.25
4900.73
4907.55
4914.44
4910.11
4902.62
4907.92
4906.34
4912.28
4939.5
4913.77
4922.67
4945.18
4928.06
4917.58
4913.85
5030.42
5017.45
5035.65
5017.47
4997.24
5001.09
5013.26
5049.83
5022.27
5025.23
5019.07
5046.59
5009.2
5027.16
5060.32
5062.1
5056.05
5064.83
5055.38
5061.16
5061.66
5059.57
5084.16
5076.49
5070.42
5069.36
5059.07
5074.35
5062.51
5070.78
5096.86
5106.12
5108.42
5092.66
5111.25
5104.81
5108.82
5073.52
5100.22
5083.81
5082.87
5073.79
5107.48
5079.46
5100.67
5084.4
5099.93
5087.52
5081.77
5096.08
5068.42
5071.58
5105.41
5076.52
5106.16
5081.72
5099.79
5101.95
5105.8
5095.06
5091.83
5090.44
5068.52
5076.76
5078.12
5067.24
5090.16
5073.12
5077.4
5062.8
5081.32
5067.24
5055.43
5062.04
5058.95
5054.29
5071.73
5083.39
5074.8
5048.79
5084.73
5077.45
5046.84
5055.86
5045.31
5082.26
5077
5068.17
5075.81
5071.01
5066.43
5068.39
5068.57
5057.3
5068.88
5077.96
5063.13
5078.1
5052.37
5074.25
5072.27
5048.19
5046.27
5045.33
5078.82
5052.71
5054.7
5053.2
5053.96
5055.19
5049.64
5059.77
5056.18
5056.97
5054.07
5038.35
5058.13
5037.48
5047.2
5074.23
5056.56
5069.4
5067.6
5035.35
5035.9
5055.87
5056.07
5059.43
5049.2
5047.09
5071.82
5046.41
5041.14
5043.24
5043.48
5044.44
5055.91
5069.39
5031.54
5032.61
5044.76
5050.78
5052.95
5041.42
5034.23
5050.46
5045.85
5060.97
5028.69
5064.63
5067.41
5037.5
5026.76
5040.63
5063.83
5035.52
5055.54
5048.62
5031.98
5043.49
5046.55
5033.94
5053.35
5042.65
5039.28
5031.58
5053.44
5022.63
5034.05
5045.65
5021.3
5056.94
5050.06
5051.04
5036.42
5032.37
5057.82
5040.64
5040.44
5037.22
5022.29
5035.16
5037.88
5046.23
5020.43
5056.41
5053.56
5021.83
5017.04
5035.1
5039.15
5032.76
5032.11
5037.53
5053.31
5044.93
5022.23
5016.86
5010.21
5027.65
5011.65
5011.17
5011.4
5013.07
5022.56
5017.78
5026.43
4992.87
5019.37
5004.61
5017.4
5030.14
4996.51
4991.57
5001.65
5027.66
5022.22
5020.18
4992.5
4992.48
5030.02
5007.9
5010.12
5016.61
4997.6
4999.5
5022.31
4996.58
4991.14
5024.47
5004.11
5012.11
5017.66
5023.28
4997.44
4989.81
5007.6
4998.19
4993.92
5013.48
5010.19
5004.31
5004.55
4991.71
4995.13
4997.34
5019.22
5019.91
5012.93
4990.18
4991.22
4987.53
4984.98
4985.62
5014.47
5006.49
5008.05
4993.49
5011.64
5003.17
5016.01
4997.04
4996.31
4979.92
4994.99
4996.2
4990.2
4988.96
5001.21
4982.92
4979.87
5001.4
5003.69
5010.79
4999.47
4983.71
5000.91
4989.84
4973.98
4981.65
4992.57
5000.64
5003.43
5011
4975.53
5010
4972.98
4997.37
4994.03
4976.29
5003.14
5002.96
4999.95
4976.8
5006.44
4972.95
4971.64
5004.5
4995.54
4987.64
4999.61
4985.2
4984.48
4974.5
4982.25
4969.21
4977.14
4995.23
4997.15
4993.14
4970.23
4993.49
4965.41
4973.14
4972.87
4973.4
4995.29
4994.48
4984.13
4999.61
4999.78
4985.33
4979.91
4971.23
4972.74
5001.33
4970.08
4973.59
4961.79
4960.27
4959.53
4957.78
4980.38
4973.33
4949.3
4971.46
4945.52
4971.43
4953.8
4951
4974.87
4960.42
4943.47
4969.49
4962.73
4958.22
4979.8
4954.08
4948.62
4947.29
4958.48
4946.94
4952.61
4943.98
4965
4967.6
4952.81
4958.54
4977.34
4962.31
4945.66
4976.29
4959.45
4943.85
4938.88
4951.79
4958.7
4972.53
4935.62
4939.47
4945.02
4948.92
4964.73
4956.73
4937.5
4949.64
4944.96
4949.87
4971.08
4942.56
4953.15
4938.87
4940.2
4947.53
4968.18
4957.86
4966.99
4957.71
4958.85
4940.42
4933.2
4935.87
4954.71
4928.92
4940.58
4964.05
4966.83
4934.99
4943.2
4931.35
4963.86
4955.1
4937.69
4951.8
4956.96
4963.84
4955.11
4956.93
4957.47
4953.34
4948.79
4942.03
4940.6
4950.35
4926.55
4960.2
4939.94
4935.11
4955.72
4960.54
4953.67
4954.32
4956.29
4932.93
4925.97
4941.87
4957.35
4920.57
4958.04
4951
4919.86
4949.59
4942.99
4937.05
4943.96
4934.72
4931.04
4938.92
4928.66
4948.15
4920.03
4926.36
4937.44
4953.76
4916.1
4946.47
4931.29
4942.26
4918.05
4921.54
4932.73
4953.1
4915.5
4948.23
4934.22
4939.53
4921.64
4914.42
4941.16
4923.05
4923.46
4931.15
4900.33
4900.85
4899.98
4910.29
4917.24
4909.75
4895.74
4914.42
4900.09
4930.36
4901.59
4893.9
4906.35
4918.94
4893.58
4911.41
4915.23
4930.76
4922.15
4904.11
4909.93
4921.04
4914.55
4894.61
4918.63
4908.45
4926.85
4891.56
4919.86
4894.91
4925.17
4888.85
4902.05
4900.24
4923.11
4905.06
4914.29
4910.78
4894.87
4913.65
4888.32
4918.44
4895.05
4923.49
4915.96
4907.06
4894.67
4904.47
4914.61
4886.28
4915.61
4883.76
4885.97
4890.37
4904.82
4905.65
4912.72
4913.24
4899.85
4897.66
4892.49
4912.04
4892.36
4897.02
4915.13
4903.83
4915.77
4893.44
4912.14
4900.51
4898.03
4889.56
4883.5
4888.76
4881.73
4882.6
4912.1
4904.45
4914.89
4906.38
4885.92
4908.36
4893.42
4890.12
4884.82
4903.29
4883.61
4894.81
4888.2
4903.52
4905.13
4885.82
4890.9
4898.28
4870.92
4878.46
4886.22
4878.49
4886.89
4889.49
4875.26
4882.66
4882.98
4902.42
4888.16
4886.21
4868.25
4869.1
4901.55
4902.51
4870.61
4866.49
4901.91
4881.54
4881.67
4879.54
4877.13
4879.58
4894.29
4903.89
4893.01
4887.72
4869.46
4894.3
4882.42
4876.9
4869.62
4873.38
4876.64
4882.71
4887.45
4870.71
4882.96
4865.12
4858.2
4848.9
4886.38
4884.03
4878.17
4851.18
4851.95
4884.53
4868.95
4844.59
4855.56
4858.94
4879.76
4854.51
4860.99
4847.36
4865.82
4876.44
4874.53
4853.13
4880.51
4877.56
4847.14
4859.4
4852.71
4849.69
4877.01
4849.31
4860.16
4849.39
4878.53
4840.68
4869.35
4871.55
4848.29
4845.6
4865.7
4836.32
4866.54
4871.28
4863.38
4868.35
4839.71
4862.76
4871.78
4856.58
4870.73
4853.53
4846.82
4865.59
4852.85
4842.77
4836.34
4858.68
4853.19
4852.95
4866.92
4870.9
4858.68
4865.52
4858.05
4839.64
4843.89
4836.41
4841.37
4838.53
4842.77
4865.91
4860.37
4856.28
4846.76
4847.68
4843.27
4831.45
4850.58
4832.03
4865.19
4835.09
4840.09
4839.13
4863.9
4839.23
4851.77
4829.28
4852.83
4840
4843.31
4852.52
4850.53
4859.84
4845.04
4836.24
4849.36
4840.03
4857.86
4852.34
4844
4852.68
4834.1
4838.37
4836.67
4858.41
4827.16
4827.47
4838.78
4844.23
4823.12
4838.25
4819.32
4846.38
4851.25
4854.98
4838.66
4828.52
4856.24
4848.73
4843.11
4838.32
4823.2
4849.16
4822.46
4826.04
4850.17
4849.03
4840.83
4822.08
4813.07
4809.12
4824.41
4832.64
4830.62
4828.89
4803.7
4810.28
4812.3
4802.7
4813.67
4826.35
4808.98
4835.7
4807.12
4798.72
4826.52
4800.17
4803.63
4825.58
4795.94
4829.29
4797.4
4819.78
4810.17
4803.02
4796.2
4809.89
4805.53
4799.96
4823.27
4812.97
4826.59
4829.17
4791.74
4808.74
4820.14
4827.36
4829.39
4809.33
4804.46
4821.56
4827.19
4816.85
4803.48
4799.55
4808.85
4822.16
4821.72
4818.1
4815.72
4802.78
4788.8
4804.16
4792.09
4811.32
4822.23
4814.39
4783.75
4793.93
4787.76
4809.12
4818.4
4805.72
4783.6
4819.1
4801.38
4818.79
4788.99
4795.75
4801.08
4814.33
4787.81
4794.42
4792.33
4785.4
4817.82
4786.93
4783.06
4801.61
4787.14
4788.54
4779.66
4817.02
4783.24
4798.65
4801.39
4786.74
4787.08
4799.29
4791.73
4792.57
4797.71
4793.49
4780.25
4774.39
4785.77
4793.19
4796.53
4797.65
4790.98
4784.5
4797.34
4774.87
4787.8
4780.16
4805.65
4805.93
4789.49
4780.14
4799.82
4809.45
4793.84
4802.08
4797.84
4786.53
4792.13
4801.35
4776.57
4791.85
4776.79
4773.34
4798.76
4796.86
4796.18
4785.34
4768.98
4777.73
4788.93
4765.76
4786.29
4762.83
4776.57
4763.15
4761.87
4768.38
4752.58
4783.31
4767.74
4762.8
4756.38
4768.23
4753.33
4765.07
4753.86
4770.92
4771.64
4751.92
4762
4783.9
4769.87
4784.13
4782.84
4778.23
4746.67
4752.2
4768.59
4750.42
4755.69
4753.3
4746.41
4767.11
4757.41
4759.95
4764.26
4778.63
4765.76
4747.04
4749.99
4742.65
4753.99
4770.98
4770.05
4763.33
4754.11
4770.38
4760.84
4756.72
4759.48
4767.7
4755.69
4747.37
4756.56
4769.03
4739.36
4751.45
4751.89
4767.45
4769.81
4766.33
4752.88
4743.45
4765.31
4745.88
4754.05
4748.25
4772.94
4749.4
4740.39
4753.76
4750.25
4752.71
4752.05
4752.46
4740.54
4742.9
4755.06
4743.97
4745.95
4750.52
4743.79
4731.94
4760.17
4740.29
4758.99
4748.07
4750.92
4765.82
4743.66
4758.53
4751.66
4765.2
4732.5
4759.46
4756.31
4753.37
4760.36
4759.16
4741.42
4754.42
4741.03
4753.04
4729.88
4748.75
4760.76
4738.5
4733.95
4735.85
4738.16
4734.69
4738.37
4744.84
4725.02
4730.68
4724.79
4744.32
4746.49
4735.16
4736.49
4757.15
4755.05
4734.35
4735.12
4719.11
4743.75
4723.48
4755.42
4741.43
4747.23
4733.36
4733.15
4734.83
4720.95
4714.28
4737.84
4711.89
4720.53
4728.81
4717.9
4727.52
4726.4
4718.5
4707.02
4718.1
4714.78
4729.43
4718.09
4707.25
4731.03
4717.39
4725.67
4711.05
4705.06
4703.05
4701.55
4701.69
4702.93
4695.42
4726.34
4715.92
4694.42
4713.01
4725.69
4705.37
4717.68
4706.83
4705.9
4707.42
4725.5
4730.36
4726.59
4699.88
4719.8
4714.41
4724.2
4714.82
4718.83
4717.48
4708.72
4712.5
4694.57
4710.63
4701.87
4712.85
4641.1
4669.28
4676.32
4643.54
4647.1
4675.6
4702.47
4675.95
4688.48
4686.52
4680.79
4678.31
4695.48
4682.95
4676.36
4698.76
4686.25
4671.21
4675.73
4681.78
4705.39
4681.72
4669
4697.03
4673.36
4672.39
4671.56
4696.26
4681.83
4703.71
4698.9
4666.49
4693.45
4671.81
4704.42
4688.66
4671.88
4673.84
4674.8
4683.29
4700.07
4674.01
4690.42
4687.83
4679.11
4676.37
4691.19
4700.42
4661.3
4673.38
4684.66
4673.74
4672.89
4686.27
4697.14
4694.82
4667.94
4696.83
4670.42
4663.11
4659.72
4692.07
4683.88
4675.8
4685.05
4692.47
4677.94
4664.59
4669.07
4663.82
4673.96
4685.01
4665.9
4682.84
4670.34
4666.91
4643.32
4651.42
4669.73
4657.12
4649.76
4647.49
4643.54
4649.66
4650.84
4644.39
4661.39
4640.54
4635.94
4673.72
4673.85
4655.39
4675.76
4655.27
4673.79
4649.4
4642.89
4639.43
4673.4
4640.27
4672.89
4666.41
4662.04
4649.23
4667.74
4631.58
4639.78
4660.67
4643.93
4637.55
4641.33
4636.24
4640.61
4649.81
4643.6
4649.74
4642.34
4628.96
4631.05
4663.97
4654.65
4652.64
4659.45
4667.06
4661.64
4647.71
4656.77
4652.24
4643.21
4653.49
4631.77
4602.66
4583.66
4587.48
4604.52
4601.11
4586.14
4586.45
4582.41
4609.07
4601.69
4571.28
4608.51
4602.9
4601.95
4598.48
4573.17
4583.92
4567.66
4578.23
4584.9
4576.98
4594.92
4597.49
4584.18
4566.89
4573.72
4569.32
4570.65
4586.5
4584.42
4597.48
4587.57
4598.2
4601.98
4568.49
4594.13
4575.2
4601.31
4569.8
4592.15
4579.56
4589.55
4572.62
4595.89
4565.59
4591.77
4591.65
4577.11
4583.1
4576.41
4586.76
4565.82
4579.17
4568.12
4580.7
4570.02
4583
4557.48
4578.15
4585.75
4586.13
4570.88
4577.84
4564.66
4590.98
4580.05
4572.21
4576.48
4565.07
4584.02
4563.35
4587.37
4590.57
4587.79
4576.57
4552.3
4569.07
4574.69
4554.75
4572.92
4554.06
4556.71
4541.55
4537.11
4565.63
4569.51
4547.32
4532.66
4560.25
4549.04
4541.81
4560.7
4555.51
4542.62
4543.19
4561.05
4528.19
4533.13
4564.27
4538.42
4560.04
4536.93
4539.52
4538.07
4529.62
4549.92
4558.37
4541.37
4564.18
4544.46
4524.27
4532.62
4563.46
4554.28
4557.3
4538.25
4523.83
4539.4
4535.55
4543.44
4535.88
4536.36
4522.36
4529.05
4557.22
4549
4535.42
4553.39
4543.51
4539.09
4545.81
4476.05
4484.81
4502.73
4469.16
4519.5
4506.7
4518.36
4507.02
4505.46
4493.54
4506.22
4543.8
4537.47
4531.79
4543.69
4531.74
4512.23
4544.62
4538.2
4521.25
4531.13
4510.54
4506.68
4515.33
4532.81
4505.84
4502.83
4530.8
4513.47
4508.23
4523.58
4515.42
4521.94
4540.62
4537.21
4524.17
4511.62
4515.06
4537.44
4511.44
4501.27
4510.98
4514.47
4548.7
4526.2
4536.47
4565.16
4569.25
4583.68
4567.35
4557.09
4563.45
4567.77
4559.25
4573.62
4581.64
4609.21
4600.03
4594.52
4614.64
4610.37
4638.71
4626.93
4637.74
4657.92
4652.18
4658.02
4657.63
4668.5
4647.56
4662.31
4689.5
4688.94
4690.98
4655.54
4666.22
4658.85
4654.65
4688.33
4691.35
4671.48
4692.21
4666.77
4679.54
4689.79
4661.84
4656.47
4677.36
4656.07
4678.22
4661.74
4655.47
4666.88
4684.03
4668.44
4658.7
4676.31
4681.68
4676.32
4647.73
4677.61
4685.4
4660.04
4676.48
4646.8
4665.07
4677.39
4654.31
4666.34
4653.66
4680.84
4665.22
4677.04
4660.98
4660.57
4666.93
4647.07
4669.1
4645.59
4665.32
4657.27
4663.88
4679.06
4673.68
4653.27
4680.8
4642.06
4643.18
4658.56
4651.18
4640.39
4585.56
4550.79
4587.54
4562.91
4553
4567.73
4551.83
4572.4
4578.71
4554.35
4550.24
4573.33
4572.1
4575.67
4607.44
4587.99
4604.53
4574.4
4567.9
4571.57
4598.4
4580.85
4568.24
4591.75
4599.3
4593.25
4598.15
4596.53
4593.43
4600.76
4593.62
4594.6
4572.1
4590.36
4588.19
4583.9
4582.54
4587.59
4577.67
4583.41
4560.72
4598.9
4565.54
4594.96
4584.63
4596.12
4587.84
4596.12
4594.5
4589.18
4612.42
4612.37
4621.91
4606.4
4583.77
4591.61
4631.09
4607.52
4644.39
4647.24
4636.11
4635.24
4653.18
4629.18
4626.22
4638.56
4653.26
4662.16
4654.96
4671.05
4660.28
4670.14
4640.74
4652.98
4655.24
4662.07
4659.91
4658.39
4647.38
4626.03
4626.5
4632.83
4654.96
4646.59
4635.91
4660.06
4648.25
4629.16
4654.29
4642.92
4652.76
4641.45
4655.48
4644.72
4636.38
4660.41
4641.24
4661.15
4657.67
4659.16
4661.78
4670.82
4649.1
4650.95
4675.25
4673.42
4645.05
4643.56
4646.51
4647.42
4660.95
4669.56
4680.22
4715.29
4718.93
4706.55
4704.47
4744.71
4721.19
4740.32
4760.2
4726.92
4725.49
4744.55
4724.99
4757.38
4721.53
4728.01
4758.3
4737.49
4729.85
4669.9
4649.85
4661.11
4653.18
4701.71
4735.81
4712.73
4745.99
4769.91
4768.24
4751.46
4748.13
4772.75
4749.92
4748.93
4749.67
4753.77
4752.04
4794.46
4775.03
4798.52
4791.14
4774.94
4793.65
4791.79
4777.22
4772.98
4793.1
4803.93
4803.66
4779.09
4813.01
4810.72
4810.98
4797.17
4788.48
4788.53
4787.7
4790.71
4800.82
4806.76
4784.2
4774.74
4778.11
4781.73
4759.21
4761.16
4784.17
4775.45
4777.51
4783.65
4763.59
4778.49
4746.73
4747.02
4717.78
4721.75
4750.84
4745.54
4748.43
4699.22
4694.8
4710.63
4691.01
4703.29
4681.18
4681.89
4714.2
4694.37
4668.41
4692.52
4702.95
4694.26
4711.31
4714.78
4701.76
4690.74
4678.26
4711.98
4702.3
4690.74
4679.16
4695.34
4697.4
4696.92
4700.96
4693.28
4694.58
4685.83
4695.12
4675.93
4679.29
4690.41
4705.21
4703.13
4688.62
4708.03
4690.33
4697.61
4677.44
4673.37
4689.21
4681.69
4671.61
4678.04
4674.5
4683.71
4684.38
4672.92
4696.51
4673.51
4703.65
4694.19
4704.18
4690.57
4680.92
4689.32
4675.31
4671.74
4670.82
4691.32
4677.2
4678.26
4702.41
4674.56
4674.09
4676.5
4673.62
4688.25
4674.28
4675.62
4690.99
4694.43
4699.44
4671.22
4675.65
4676.13
4661.14
4694.85
4696.42
4687.04
4682.33
4685.83
4664
4687.03
4682.84
4679.17
4691.39
4673.64
4685.95
4693.75
4667.59
4660.49
4671.45
4670.01
4676.32
4681.62
4691.87
4672.06
4687.78
4689.95
4659.79
4673.33
4692.4
4669.14
4680.41
4689.09
4662.53
4664.94
4684.75
4685.16
4647.97
4676.51
4664.63
4665.25
4678.55
4694.21
4678.49
4682.79
4675.37
4648.67
4656.69
4671.39
4694.9
4689.18
4677.04
4661.19
4679.22
4669.15
4656.73
4668.67
4664.88
4679.31
4662.44
4662.98
4678.56
4662.03
4656.24
4642.01
4651.57
4669.2
4655.13
4641
4673.82
4667.71
4673.68
4646.46
4648.01
4654.28
4648.28
4651.46
4641.13
4657.06
4634.49
4659.19
4652.22
4672.76
4672.93
4660.64
4664.12
4641.04
4638.3
4659.91
4651.22
4666.68
4653.14
4669.12
4662.08
4661.99
4633.12
4666.68
4663.37
4661.93
4657.65
4640.4
4651.42
4653.2
4632.03
4638.93
4637.8
4634.75
4636.69
4659.6
4660.45
4633.02
4641.73
4639.12
4627.68
4647.53
4628.87
4632.8
4650.62
4648.11
4653.02
4645.58
4657.35
4637.08
4638.01
4626.41
4632.33
4655.53
4623.14
4641.99
4623.3
4640.72
4638.21
4644.49
4658.67
4641.74
4633.1
4639.97
4628.48
4657.46
4647.91
4621.38
4650.97
4633.34
4635.76
4618.51
4632.75
4640.23
4638.73
4644.01
4626.7
4650.81
4639.8
4645.4
4649.92
4643.84
4619.19
4646.22
4639.29
4614.31
4638.03
4652.8
4613.46
4644.91
4619.36
4638.2
4637.38
4646.63
4631.38
4638.51
4634.92
4632.65
4618.91
4617.22
4642.33
4640.13
4634.32
4652.71
4629.03
4608.55
4631.86
4616.69
4596.1
4600.9
4607.52
4619.08
4658.88
4610.47
4623.8
4601.87
4610.1
4624.04
4627.94
4635.94
4622.09
4640.21
4605.65
4616.58
4592.48
4587.36
4587.96
4598.62
4588.85
4588.18
4597.21
4602.01
4593.76
4586.18
4592.3
4595.44
4592.83
4607.62
4580.69
4584.13
4601.87
4578.59
4596.49
4603.64
4612.2
4580.14
4593.14
4616.17
4591.58
4591.31
4592.75
4578.65
4584.59
4603.73
4603.24
4589.39
4587.88
4602.93
4609.56
4583.31
4581.83
4575.95
4597.93
4603.94
4583.74
4585.57
4605.64
4574.48
4596.53
4605.51
4605.23
4601.86
4596.28
4587.32
4595.03
4590.57
4578.44
4598.83
4578.42
4567.82
4571.06
4579.99
4577.69
4601.97
4587.09
4599.31
4594.78
4582
4574
4575.52
4587.87
4586.9
4596.93
4581.62
4578.78
4584.25
4593.13
4594.75
4572.53
4582.68
4594.7
4576.61
4581.28
4591.85
4594.17
4592.29
4561.02
4582.48
4597.89
4595.2
4566.49
4568.55
4584.74
4589.67
4572.37
4578
4584.85
4572.87
4573.67
4561.78
4558.88
4564.1
4567.37
4595.95
4556
4557.4
4562.08
4588.55
4573.98
4597.35
4591.73
4584.1
4568.99
4545.94
4561.4
4586.99
4586.92
4607.17
4591.34
4568.98
4560.07
4548.64
4547.16
4566.71
4574.71
4561.62
4574.13
4564.76
4571.04
4540.68
4544.34
4546.53
4565.03
4557.75
4556.23
4544.76
4566.27
4552.3
4574.29
4573.91
4561.17
4548.71
4544.03
4558.41
4541.31
4541.2
4553.05
4561.83
4571.99
4563.82
4573.71
4569.16
4575.41
4561.15
4568.75
4557.51
4567.91
4539.41
4565.12
4536.94
4541.14
4574.58
4546.89
4550.32
4566.33
4541.42
4546
4564.29
4534.2
4564.99
4554.77
4553.78
4540.72
4547.01
4565.75
4562.28
4535.31
4561.6
4544.8
4542.25
4568.68
4555.68
4537.42
4532
4557.19
4558.36
4556.02
4539.31
4553.25
4545.86
4562.44
4545.14
4529.19
4542.78
4552.78
4546.83
4540.82
4539.14
4527.36
4554.18
4561.06
4529.8
4552.7
4560.58
4526.1
4542.9
4537.77
4527.04
4561.71
4549.33
4537.32
4522.95
4521.81
4539.67
4550.04
4539.38
4543.88
4555.38
4521.65
4553.45
4534.13
4536.56
4518.6
4530.76
4555.87
4523.89
4556.81
4520.22
4539.88
4535.58
4537.55
4532.07
4550.1
4538.23
4567.09
4547.33
4535.2
4522.01
4514.82
4507.07
4520.14
4524.15
4533.57
4556.69
4541.05
4513.02
4501.25
4519.38
4522.39
4512.12
4513.79
4526.82
4552.32
4529.59
4532.23
4525.53
4531.43
4508.89
4515.41
4520.66
4535.07
4528.57
4537.48
4505.08
4494.97
4490.81
4506.77
4508.15
4490.92
4485.7
4516.02
4523.65
4510.93
4487.06
4517.28
4484.67
4512.22
4504.08
4502.67
4507.72
4518.91
4505.89
4483.99
4510.8
4497.33
4486.75
4502.1
4501.21
4528.88
4527.13
4540.06
4517.37
4540.06
4523.81
4509.34
4520.26
4522.25
4518.68
4537.83
4503.08
4516.99
4536.29
4505.46
4525.86
4516.08
4529.02
4537.99
4535.36
4517.85
4509.05
4497.78
4503.52
4507.76
4501.39
4518.81
4532.02
4518.42
4500.17
4531.88
4523.47
4529.13
4515.98
4514.45
4527.6
4521.29
4494.21
4499.88
4526.78
4532.46
4529.13
4492.52
4517.2
4501.51
4526.54
4529.89
4505.6
4508.98
4500.85
4493.99
4517.39
4512.58
4508.18
4493.76
4510.69
4504.7
4504.95
4495.53
4500.53
4491
4520.59
4517.18
4500.69
4494.25
4513.79
4512.54
4521
4519.95
4512.9
4513.29
4512.8
4500.73
4502.22
4506.36
4486.02
4480.72
4501.85
4510.4
4522.11
4523.8
4527.3
4520.39
4510.57
4505.94
4489.49
4501.58
4490.72
4513.6
4488.39
4502.01
4491.91
4480.3
4471.71
4444.62
4461.31
4479.6
4475.52
4492.23
4492.32
4488.08
4476.94
4435.08
4450.55
4491.98
4472.55
4465.38
4458.75
4444.88
4454.67
4451.46
4443.21
4451.31
4445.3
4459.33
4449.31
4440.36
4465.22
4475.88
4455
4450.96
4451.36
4461.8
4463.88
4471.8
4436.56
4457.03
4445.64
4434.37
4434.94
4457.33
4446.17
4449.23
4442.89
4464.16
4452.23
4435.22
4434.65
4435.19
4440.82
4452.3
4465.9
4434.48
4441.28
4457.2
4429.08
4450.63
4447.86
4462.76
4465.54
4431.37
4461.93
4430.93
4431.56
4451.09
4456.93
4455.63
4439.45
4452.76
4430.38
4438.21
4428.39
4461.5
4444.14
4448.4
4456.12
4442.64
4436.6
4443.99
4434.48
4423.25
4428.1
4450.83
4429.84
4434.23
4457.38
4427.97
4456.72
4420.73
4445.63
4449.46
4455.32
4444.55
4453.82
4442.43
4438.03
4420.9
4440.31
4452.22
4449.59
4442.32
4456.61
4424.2
4416.65
4419.41
4445.34
4431.3
4436.81
4454.73
4434.07
4418.25
4424.55
4425.58
4417.14
4428.23
4415.08
4435.24
4401.22
4427.09
4414.35
4414.02
4415.87
4407.32
4422.58
4426.68
4441.73
4425.26
4394.79
4393.13
4424.42
4441.61
4429.81
4422.37
4437.1
4410.48
4417.4
4404.82
4409.79
4391.33
4400.32
4409.91
4423.73
4418.83
4404.98
4408.36
4425.71
4423.8
4404.66
4421.42
4408.38
4384.29
4384.44
4418.8
4393.7
4398.18
4407.81
4408.17
4402.22
4399.65
4418.96
4418.17
4381.88
4413.37
4397.26
4392.96
4390.1
4400.68
4416.87
4417.93
4380.7
4391.58
4390.1
4416.47
4383.85
4409.1
4414.73
4398.84
4401.35
4387.87
4412.2
4413.22
4405.59
4404.82
4386.29
4387.79
4412.8
4387.64
4408.42
4405.88
4400.78
4370.45
4400.06
4379.79
4394.32
4377.45
4400.76
4395.27
4395.48
4390.68
4389.29
4404.03
4398.42
4396.44
4369.19
4371.08
4372.11
4387.52
4388.15
4390.09
4386.56
4376.69
4375.22
4379.83
4400.19
4374.11
4370.08
4361.99
4364.81
4394.66
4391.09
4370.97
4366.38
4390
4377.28
4368.6
4373.82
4394.53
4380.25
4360.01
4363.86
4377.98
4378.62
4362.81
4379.38
4374.49
4358.56
4386.68
4359.56
4378.78
4363.36
4359.6
4382.93
4390.5
4389.32
4364.97
4357.6
4375.82
4406.27
4416.37
4414.96
4402.37
4385.85
4394.34
4392.95
4404.13
4380.22
4410.07
4395.94
4413.06
4407.85
4367.25
4351.1
4373.52
4394.94
4386.63
4384.88
4392.35
4408.43
4389.05
4361
4390.9
4379.36
4381.36
4380.6
4369.77
4353.72
4368.52
4338.93
4372.39
4347.23
4343.48
4348.08
4340.77
4348.94
4364.57
4363.22
4349.89
4352.95
4348.51
4343.27
4358.77
4337.01
4339.91
4348.84
4358.23
4356.92
4334.17
4359.81
4334.88
4350.49
4336.45
4333.48
4357.91
4355.42
4354.62
4342.19
4350.97
4352.28
4360.08
4360.66
4338.24
4342.02
4346.85
4343.46
4329.06
4346.05
4357.76
4334.58
4333.73
4357.91
4334.01
4346.74
4330.15
4348.47
4329.89
4330.76
4363.11
4354.85
4337.38
4337.79
4356.85
4330.17
4331.36
4340.42
4329.86
4360.06
4325.47
4332.19
4338.49
4332.5
4334.02
4331.76
4333.89
4338.37
4347
4321.45
4339.25
4325.45
4354.69
4338.7
4350.85
4352.28
4340.77
4349.56
4356.31
4355.94
4357.65
4345.27
4340.78
4335.63
4337.57
4331.09
4333.49
4321.23
4343
4321.66
4349.01
4324.68
4351.07
4336.87
4339.98
4316.98
4320.35
4348.35
4348.54
4318.45
4308.16
4307.22
4310.31
4328.51
4309.42
4322.36
4332.35
4306.44
4313.4
4301.08
4280.45
4323.66
4299.04
4327.88
4334.44
4316.23
4315.41
4293.18
4274.57
4286.09
4314.89
4333.31
4327.48
4319.74
4326.56
4320.37
4298.93
4294.78
4287.04
4322.37
4307.4
4284.11
4298.73
4291.94
4295.54
4278.57
4292.61
4292.17
4294.15
4275.68
4313.14
4304.33
4307.56
4279.21
4255.23
4256.77
4248.9
4286.52
4272.43
4278.52
4250.03
4265.86
4276.38
4274.95
4277.23
4249.66
4250.1
4275.26
4278.21
4247.21
4280.94
4259.28
4269.49
4270.73
4271
4242.16
4274.91
4269.18
4273.55
4249.77
4249.12
4272.42
4262.88
4253.59
4244.87
4252.02
4250.07
4249.71
4255.15
4239.48
4263.25
4251.11
4269.28
4264.61
4254.85
4251.35
4236.35
4256.9
4240.15
4253.63
4274.97
4245.71
4249.9
4256.98
4252.69
4267.18
4267.05
4249.67
4270.29
4246.42
4263.27
4253.8
4247.56
4240.87
4243.09
4270.01
4260.21
4265.39
4267.72
4257.44
4259.46
4252.06
4260.49
4238.6
4265.62
4231.24
4263.35
4240.26
4236.92
4241.62
4254.43
4247.5
4230.49
4243.62
4240.5
4235.33
4231.62
4237.94
4255.61
4241.51
4258.28
4269.1
4252.01
4246.31
4249.65
4230.09
4267.19
4255.26
4267.59
4244.35
4236.11
4251.1
4220.52
4242.08
4271.98
4268.52
4268.24
4284.66
4270.52
4285.33
4281
4278.28
4253.85
4269.44
4262.42
4277.06
4264.15
4279.22
4291.07
4283.7
4239.95
4265.87
4265.51
4236.09
4251.72
4232.47
4243.73
4230.54
4229.53
4261.27
4244.43
4250
4248.02
4225.1
4249.14
4219.52
4252.74
4241.92
4224.12
4231.49
4251.57
4252.26
4246.48
4241.98
4250.18
4240.08
4217.39
4222.46
4222.67
4218.96
4223.07
4219.3
4215.18
4248.09
4220.27
4213.7
4246.19
4240.55
4237.97
4243.19
4246.65
4235.1
4244.4
4222.99
4210.79
4212.8
4207.01
4205.94
4229.97
4209.74
4198
4202.81
4202.52
4187.33
4181
4213.16
4208.2
4213.71
4205.06
4195.66
4192.51
4199.67
4186.84
4198.4
4184.7
4184
4179.59
4181.88
4210.65
4210.06
4174.54
4193.02
4202.07
4189.04
4186.73
4173.38
4174.76
4209.43
4208.04
4199.81
4188.31
4175.55
4186.96
4180.08
4171.55
4195.1
4179.85
4162.89
4185.04
4183.72
4181.26
4159.16
4188.84
4161.02
4157.18
4184.69
4183.3
4183.96
4183.62
4179.03
4149.02
4162.42
4191.33
4180.25
4177.59
4204.47
4193.98
4179.04
4188.95
4209.28
4204.63
4198.74
4215.12
4231.63
4181.97
4212.51
4204.72
4180.35
4186.48
4203.89
4202.54
4188.92
4199.43
4222.55
4202.43
4179.56
4181.96
4199.03
4206.63
4208.17
4182.29
4177.58
4182.65
4192.58
4205.84
4176.33
4181.95
4204.31
4178.22
4194.89
4183.65
4204.91
4196.97
4181.01
4179.86
4190.77
4171.97
4197.44
4195.35
4198.63
4190.4
4175.63
4169
4179.7
4186.77
4190.79
4192.87
4164.08
4193.59
4199.58
4188.09
4193.83
4200.18
4200.28
4196.67
4190.7
4185.23
4187.69
4182.43
4161.41
4176.32
4191.75
4160.93
4162.72
4186.95
4174.65
4176.24
4168.83
4172.11
4191.57
4157.16
4160.98
4138.86
4146.19
4128.14
4132.33
4119.09
4143.84
4142.07
4148.31
4124.61
4134.79
4118.24
4135.65
4119.34
4124.85
4146.79
4142.84
4132.62
4150.55
4137.71
4113.26
4145.56
4124.44
4134.73
4136.97
4118.49
4145.97
4118.32
4137.5
4129.77
4131.31
4120.19
4128.28
4137.67
4124.97
4124.77
4129.66
4126.89
4110.25
4127.37
4126.96
4120.27
4100.16
4114.71
4179.92
4172.94
4167.77
4152.07
4191.38
4201.85
4186.45
4198.14
4204.01
4187.56
4181.13
4190
4188.5
4206.87
4179.45
4209.29
4176.07
4194.74
4174.5
4157.45
4199.12
4203.31
4203.59
4216.09
4189.91
4206.5
4198.63
4199.43
4165.41
4169.07
4176.51
4215.6
4191.07
4182.38
4168.86
4177
4182.84
4186.85
4155.925
4156
4179.09
4154.399
4143.29
4149.83
4121.426
4132.929
4137
4133.852
4157.66
4154.53
4131.749
4135.24
4154.49
4123.579
4143.56
4144.89
4148.75
4138.96
4152.28
4142.56
4121.272
4131.046
4119.42
4155.22
4132.172
4152.45
4122.918
4132.012
4149.43
4132.267
4127.067
4133.025
4129
4130.69
4132.27
4137.96
4139.62
4128.798
4110.298
4110.965
4138.04
4143.69
4119.449
4131.148
4128.976
4129.094
4150.72
4139.517
4130.88
4145.5
4143.19
4149.43
4126.74
4146.07
4122.166
4145.36
4141.07
4127.966
4146.94
4147.79
4143.9
4139.068
4115.258
4122.464
4122.09
4146.61
4140.44
4134.311
4121.107
4133.768
4118.975
4108.956
4138.082
4137.581
4128.096
4135.728
4109.769
4115.518
4109.572
4142.49
4121.62
4141.55
4114.335
4137.234
4136.307
4093.931
4105.83
4087.563
4100.27
4104.192
4064.87
4043.45
4087.239
4110.526
4090.379
4091.07
4073.929
4069.832
4050.426
4070.277
4084.34
4045.931
4041.577
4027.47
4058.32
4013.598
4042.53
4024.099
4038.531
4029.685
4027.397
4022.611
4019.693
4006.861
3973.651
3972.89
3982.516
3985.332
3975.476
3993.044
3958.825
3965.466
3936.303
3954.638
3940.379
3941.978
3939.223
3936.004
3941.986
3939.699
3928.68
3923.645
3954.232
3928.327
3917.297
3937.064
3939.978
3940.123
3933.185
3927.452
3945.726
3940.453
3947.131
3942.919
3910.377
3932.21
3927.598
3910.127
3907.115
3934.611
3942.968
3932.597
3929.687
3922.647
3918.163
3940.788
3908
3924.599
3904.094
3919.345
3917.668
3908.219
3904.832
3919.907
3931.629
3939.414
3921.762
3912.76
3914.441
3924.281
3905.13
3932.897
3912.697
3905.896
3932.379
3912.345
3914.691
3922.785
3923.602
3919.916
3928.593
3927.17
3898.661
3926.45
3929.695
3905.76
3898.367
3894.705
3896.938
3919.378
3894.523
3932.404
3904.883
3924.479
3902.674
3905.132
3898.755
3926.167
3897.268
3898.781
3926.213
3903.794
3923.234
3929.069
3899.576
3902.467
3916.471
3921.349
3923.004
3889.913
3896.142
3905.354
3909.752
3917.874
3908.666
3909.2
3888.138
3898.042
3886.518
3893.575
3936.139
3947.376
3972.214
3942.032
3962.947
3941.926
3939.085
3960.504
3969.293
3960.181
3966.324
3933.079
3933.496
3935.458
3967.672
3951.423
3944.156
3929.012
3929.354
3945.787
3927.634
3928.348
3938.078
3941.875
3944.025
3943.05
3946.573
3909.58
3945.542
3925.898
3929.052
3916.513
3935.056
3912.855
3920.308
3910.089
3923.025
3920.045
3893.796
3910.234
3898.668
3910.946
3916.678
3891.108
3920.697
3900.363
3900.118
3888.262
3902.562
3900.986
3917.536
3902.437
3883.559
3892.539
3882.254
3882.25
3905.008
3893.256
3898.907
3899.802
3880.589
3908.398
3897.327
3903.822
3905.376
3916.944
3906.094
3901.05
3885.3
3889.244
3893.535
3914.745
3878.533
3890.647
3898.17
3900.28
3877.182
3883.05
3878.5
3881.705
3895.998
3906.28
3908.859
3895.735
3886.692
3904.129
3902.079
3897.046
3896.317
3907.674
3874.557
3899.513
3905.533
3881.778
3907.213
3907.198
3906.326
3870.769
3893.669
3873.435
3896.418
3897.66
3899.615
3901.925
3882.879
3872.364
3900.074
3876.687
3905.385
3893.955
3892.319
3872.402
3890.352
3892.879
3884.187
3879.403
3871.311
3903.894
3902.717
3895.024
3885.97
3891.162
3883.526
3864.521
3867.883
3878.73
3865.55
3892.034
3864.333
3892.685
3884.767
3891.24
3868.539
3879.189
3870.586
3872.221
3881.654
3867.364
3883.397
3890.745
3882.946
3877.625
3880.563
3866.272
3887.279
3884.646
3867.896
3873.051
3862.831
3877.358
3855.742
3874.393
3858.454
3865.511
3855.522
3860.237
3855.572
3883.431
3862.333
3873.321
3873.519
3856.854
3878.404
3873.994
3867.868
3850.571
3843.608
3851.575
3854.106
3869.177
3844.354
3865.424
3872.874
3839.173
3864.111
3874.04
3854.129
3868.694
3864.046
3856.401
3865.92
3845.838
3868.6
3844.383
3868.986
3841.068
3867.227
3867.236
3834.506
3860.264
3835.841
3846.116
3868.954
3854.802
3845.438
3868.335
3836.782
3832.325
3861.084
3834.391
3829.191
3836.584
3845.288
3864.679
3866.544
3839.312
3854.066
3834.164
3841.877
3828.686
3843.436
3852.038
3844.936
3826.15
3835.486
3857.823
3832.808
3852.572
3829.25
3837.686
3825.188
3858.07
3849.364
3823.911
3845.586
3824.288
3841.692
3823.18
3854.985
3832.653
3855.047
3839.067
3845.953
3837.884
3853.058
3845.379
3828.309
3847.297
3824.787
3847.535
3824.491
3849.7
3819.517
3847.38
3818.837
3837.751
3840.571
3847.028
3825.128
3852.981
3834.284
3839.666
3828.31
3820.912
3842.793
3853.349
3815.608
3836.199
3815.154
3824.798
3838.675
3815.744
3838.344
3815.739
3823.685
3839.453
3825.817
3820.464
3824.31
3819.06
3843.669
3848.295
3828.886
3846.26
3831.104
3826.562
3833.225
3827.174
3848.184
3818.706
3830.324
3817.785
3838.282
3821.782
3837.112
3828.256
3842.592
3822.647
3819.709
3806.53
3827.048
3834.335
3836.573
3810.015
3813.299
3790.936
3789.964
3799.377
3798.752
3796.392
3795.511
3786.572
3819.94
3799.419
3812.471
3795.251
3813.092
3792.007
3786.481
3810.198
3810.339
3795.711
3806.516
3810.952
3814.901
3797.497
3798.631
3815.53
3816.735
3781.311
3793.819
3796.7
3793.342
3791.381
3818.339
3808.129
3805.741
3815.515
3814.461
3791.752
3778.664
3781.627
3784.894
3810.201
3792.854
3795.337
3784.548
3803.668
3799.09
3809.741
3808.424
3804.983
3781.74
3808.829
3787.613
3773.022
3802.792
3803.416
3784.792
3776.098
3774.8
3783.666
3782.777
3776.149
3797.136
3804.787
3808.793
3784.238
3774.628
3808.021
3775.489
3775.265
3787.041
3787.875
3801.678
3791.784
3798.804
3770.773
3773.491
3784.122
3799.472
3767.795
3790.122
3773.018
3802.095
3799.811
3799.017
3777.241
3769.802
3781.238
3790.578
3785.374
3800.37
3767.309
3769.524
3772.979
3772.871
3782.21
3770.599
3796.413
3773.177
3781.887
3768.708
3760.552
3784.271
3784.754
3765.801
3796.685
3769.831
3794.908
3772.897
3760.887
3770.655
3796.534
3783.28
3769.461
3759.171
3756.881
3789.693
3789.616
3791.475
3789.446
3762.905
3785.909
3758.066
3768.466
3785.622
3782.873
3765.667
3756.407
3773.614
3780.746
3774.156
3780.887
3785.218
3753.008
3751.326
3757.534
3764.043
3760.638
3761.756
3755.003
3742.693
3738.148
3765.691
3741.21
3772.517
3744.933
3737.142
3761.374
3742.767
3772.147
3739.558
3771.127
3740.39
3769.85
3750.402
3760.466
3759.293
3709.146
3716.522
3732.453
3720.515
3721.398
3708.333
3739.207
3734.156
3724.217
3715.898
3715.881
3712.862
3719.758
3727.202
3738.825
3736.236
3715.597
3724.833
3703.193
3727.633
3711.881
3712.241
3722.274
3701.514
3736.283
3701.069
3698.942
3702.33
3728.927
3724.039
3699.537
3707.964
3706.764
3719.268
3736.27
3726.531
3703.814
3728.046
3724.89
3707.741
3705.783
3699.563
3718.369
3698.259
3709.898
3718.646
3704.986
3690.894
3703.784
3681.484
3680.361
3713.259
3712.574
3710.236
3698.906
3696.403
3691.972
3700.244
3694.067
3708.112
3685.314
3686.466
3687.202
3683.514
3715.104
3714.997
3708.916
3707.088
3682.573
3703.24
3690.086
3678.592
3698.832
3690.578
3676.774
3706.638
3677.332
3697.442
3676.144
3691.361
3701.633
3697.896
3701.229
3721.365
3684.046
3693.046
3697.832
3695.476
3694.016
3712.787
3719.522
3727.109
3694.217
3723.082
3705.832
3707.2
3714.987
3736.062
3732.945
3712.307
3728.6
3727.392
3713.843
3728.61
3727.333
3743.032
3706.062
3712.042
3707.938
3735.278
3724.878
3699.708
3713.361
3712.969
3733.271
3730.753
3707.939
3730.777
3707.182
3703.46
3732.198
3726.558
3693.831
3730.314
3698.613
3722.55
3718.142
3725.238
3693.672
3704.772
3697.692
3711.308
3707.589
3693.44
3701.827
3698.178
3725.827
3701.535
3708.525
3713.025
3704.098
3703.428
3708.444
3692.25
3697.87
3718.233
3710.168
3704.543
3692.844
3703.828
3713.747
3712.663
3695.207
3685.835
3708.604
3719.328
3696.638
3713.081
3684.474
3688.454
3704.61
3716.615
3687.386
3710.229
3715.784
3688.793
3703.787
3703.27
3700.879
3682.015
3716.824
3712.166
3706.064
3714.966
3687.446
3714.432
3703.424
3717.776
3701.626
3700.272
3711.402
3688.551
3680.708
3710.769
3683.691
3709.212
3687.335
3703.705
3701.505
3699.428
3706.766
3687.993
3676.353
3696.281
3699.545
3686.242
3676.734
3694.544
3686.92
3687.759
3707.237
3679.535
3705.584
3697.318
3679.991
3699.032
3690.956
3694.296
3678.923
3691.465
3668.134
3664.697
3672.525
3693.203
3704.393
3683.684
3689.394
3678.041
3680.441
3679.798
3676.878
3683.02
3708.39
3682.89
3674.369
3688.614
3709.703
3704.33
3683.915
3667.994
3675.135
3697.721
3675.094
3673.172
3699.899
3702.449
3662.773
3659.748
3687.021
3654.912
3665.341
3664.716
3651.48
3657.69
3668.545
3669.425
3679.052
3667
3651.316
3652.729
3669.987
3660.446
3668.282
3643.308
3632.219
3651.268
3632.938
3622.208
3642.416
3651.612
3627.268
3638.705
3643.946
3645.718
3642.78
3622.616
3649.461
3627.168
3616.223
3651.437
3628.127
3641.985
3650.109
3615.264
3618.101
3618.791
3651.345
3640.388
3648.928
3627.451
3639.897
3623.966
3639.644
3622.972
3615.55
3624.912
3627.545
3641.365
3614.341
3639.905
3632.495
3635.872
3615.321
3625.507
3618.997
3627.896
3624.172
3625.3
3614.684
3624.126
3629.702
3641.772
3637.138
3611.901
3630.472
3637.427
3611.087
3613.543
3639.595
3640.624
3604.377
3639.719
3630.574
3632.06
3604.354
3624.293
3631.723
3602.71
3602.926
3621.226
3608.846
3601.354
3608.092
3617.262
3628.321
3623.733
3629.137
3625.423
3612.657
3623.597
3617.116
3602.134
3628.56
3604.31
3612.137
3628.122
3612.681
3615.619
3635.936
3622.447
3629.217
3610.048
3601.38
3622.19
3607.384
3636.394
3638.329
3622.147
3652.429
3643.218
3632.898
3601.853
3639.613
3647.235
3642.1
3638.887
3648.518
3661.207
3627.157
3638.575
3645.133
3658.828
3628.437
3636.581
3637.124
3655.075
3640.1
3628.275
3623.353
3641.024
3648.502
3634.472
3648.469
3639.124
3640.744
3617.246
3638.543
3650.012
3635.791
3612.161
3636.835
3622.69
3597.294
3584.765
3608.539
3586.721
3584.678
3612.388
3614.292
3583.517
3584.511
3584.2
3602.634
3616.483
3607.507
3590.658
3608.026
3611.224
3610.481
3613.291
3604.355
3605.128
3576.553
3607.522
3587.005
3575.846
3576.005
3575.012
3593.61
3586.843
3604.225
3576.611
3579.915
3594.833
3579.24
3587.718
3562.803
3561.049
3584.192
3555.486
3546.39
3576.088
3570.871
3562.427
3546.353
3579.554
3513.41
3537.636
3539.936
3515.267
3523.635
3523.589
3519.663
3540.878
3535.304
3521.515
3539.247
3515.298
3505.49
3523.913
3512.38
3508.15
3522.759
3508.021
3542.321
3540.374
3512.693
3520.248
3479.242
3494.414
3487.94
3471.265
3463.946
3463.11
3475.522
3482.25
3485.333
3487.253
3461.985
3496.962
3454.522
3449.398
3465.714
3441.561
3453.178
3461.269
3429.702
3460.563
3444.604
3455.528
3488.97
3467.018
3492.215
3491.035
3495.8
3463.645
3492.592
3481.87
3499.401
3515.494
3523.858
3502.634
3538.658
3505.406
3525.853
3505.04
3508.386
3533.046
3551.231
3558.414
3541.425
3536.316
3562.98
3545.637
3582.745
3558.747
3559.422
3561.135
3549.585
3577.051
3538.808
3562.922
3561.326
3567.387
3550.657
3565.035
3569.068
3571.321
3559.433
3546.81
3548.486
3545.594
3562.296
3554.626
3551.963
3545.447
3533.729
3530.819
3524.873
3546.815
3531.1
3525.419
3518.933
3529.29
3515.064
3511.726
3511.19
3527.525
3520.274
3529.599
3508.547
3536.191
3517.059
3515.098
3497.887
3501.013
3513.302
3522.13
3512.384
3526.4
3497.188
3519.504
3502.596
3520.164
3494.635
3489.756
3522.791
3504.516
3517.019
3521.998
3512.939
3515.546
3522.031
3499.509
3490.096
3496.898
3509.63
3517.851
3501.205
3494.115
3500.823
3487.398
3500.983
3493.673
3507.962
3501.276
3485.652
3512.4
3481.606
3490.456
3507.231
3503.136
3497.156
3489.206
3469.226
3496.516
3481.223
3471.378
3474.803
3488.044
3498.284
3491.103
3500.297
3483.694
3498.879
3487.992
3498.283
3490.078
3476.31
3468.154
3467.412
3465.392
3501.159
3483.258
3482.031
3479.735
3476.038
3481.401
3499.754
3493.422
3495.902
3492.145
3504.743
3491.618
3476.857
3494.873
3487.252
3514.105
3498.088
3504.13
3508.996
3483.721
3496.515
3496.551
3512.402
3496.751
3516.735
3527.126
3508.81
3513.807
3503.514
3509.251
3507.224
3518.26
3513.93
3517.516
3521.322
3513.484
3511.405
3467.471
3484.158
3499.158
3460.051
3473.839
3484.339
3491.732
3497.758
3496.619
3459.302
3471.503
3474.684
3470.463
3487.832
3484.97
3492.147
3487.782
3466.942
3476.441
3469.968
3467.003
3471.758
3474.579
3486.06
3462.745
3479.969
3469.105
3480.044
3491.766
3478.767
3459.076
3455.387
3473.759
3444.517
3465.626
3476.631
3448.527
3467.48
3469.548
3450.269
3475.418
3439.458
3445.759
3472.222
3442.262
3455.19
3464.583
3462.523
3437.749
3434.875
3454.59
3437.25
3465.258
3458.821
3439.173
3454.92
3454.667
3467.754
3448.533
3415.697
3446.451
3414.869
3435.331
3411.484
3430.904
3425.706
3419.675
3390.874
3394.406
3408.834
3395.348
3408.137
3382.681
3391.816
3404.029
3410.029
3385.93
3362.514
3392.355
3381.238
3359.733
3367.749
3356.666
3354.503
3353.313
3366.526
3371.717
3334.824
3363.996
3338.297
3345.274
3337.628
3332.745
3347.326
3343.082
3340.058
3363.215
3357.135
3361.569
3349.808
3343.922
3356.824
3348.977
3341.318
3332.778
3330.379
3348.875
3352.757
3339.724
3343.268
3334.804
3353.42
3356.934
3325.29
3343.367
3349.27
3335.513
3358.393
3326.354
3356.255
3349.408
3323.81
3358.691
3349.121
3333.364
3360.049
3340.917
3323.1
3342.573
3345.459
3322.251
3340.078
3340.506
3308.137
3320.729
3340.973
3305.431
3306.061
3326.262
3328.76
3318.753
3306.398
3318.4
3335.717
3336.413
3308.018
3314.952
3326.841
3316.528
3304.012
3324.587
3303.181
3330.443
3303.609
3312.641
3335.311
3308.99
3299.793
3306.465
3311.583
3306.15
3286.286
3306.947
3304.978
3292.767
3282.812
3311.297
3307.731
3307.307
3284.338
3285.32
3280.934
3301.65
3294.189
3303.521
3300.577
3281.509
3295.474
3295.83
3306.646
3296.947
3303.431
3287.902
3282.588
3280.863
3271.972
3299.786
3289.33
3300.971
3277.355
3306.858
3301.503
3282.58
3298.375
3290.958
3293.917
3280.61
3260.284
3235.269
3230.854
3239.239
3240.158
3216.468
3229.3
3229.822
3237.568
3219.662
3242.664
3216.839
3219.064
3236.803
3224.458
3243.958
3237.451
3211.746
3202.409
3224.591
3232.006
3230.476
3209.388
3201.695
3213.488
3215.077
3188.807
3214.203
3202.627
3151.702
3137.924
3153.714
3162.879
3137.147
3138.821
3161.141
3145.189
3159.263
3147.284
3162.086
3156.163
3137.093
3168.6
3135.573
3146.577
3152.443
3142.8
3147.741
3158.426
3129.609
3129.6
3163.826
3164.59
3160.328
3133.51
3144.522
3143.544
3128.371
3155.85
3165.135


































































































































